Matrix Dimension= 321
List of nonzero entries: I , J , A(I,J)
0	0	2.06145
0	1	-0.359225
0	2	-1.31702
0	3	-0.385206
1	0	-0.359225
1	1	1.99881
1	2	-0.0464236
1	5	-0.366468
1	6	-1.22669
2	0	-1.31702
2	1	-0.0464236
2	2	3.96573
2	3	-0.142012
2	6	-0.763567
2	8	-1.00843
2	9	-0.688271
3	0	-0.385206
3	2	-0.142012
3	3	1.77138
3	4	-0.391691
3	9	-0.684227
3	10	-0.168245
4	3	-0.391691
4	4	2.0344
4	10	-1.25102
4	11	-0.391691
5	1	-0.366468
5	5	1.94155
5	6	-0.0830922
5	15	-0.37283
5	16	-1.11916
6	1	-1.22669
6	2	-0.763567
6	5	-0.0830922
6	6	4.03343
6	8	-0.021869
6	14	-1.25051
6	16	-0.687705
7	7	2.04338
7	12	-0.405418
7	20	-0.366468
7	21	-1.27149
8	2	-1.00843
8	6	-0.021869
8	8	3.9636
8	9	-0.552869
8	14	-0.741674
8	17	-0.0937983
8	18	-1.35243
8	26	-0.192523
9	2	-0.688271
9	3	-0.684227
9	8	-0.552869
9	9	3.72827
9	10	-0.549908
9	25	-1.09806
9	26	-0.15494
10	3	-0.168245
10	4	-1.25102
10	9	-0.549908
10	10	3.92703
10	11	-0.188674
10	25	-0.808285
10	27	-0.960896
11	4	-0.391691
11	10	-0.188674
11	11	1.88336
11	12	-0.0845653
11	13	-1.01555
11	27	-0.202888
12	7	-0.405418
12	11	-0.0845653
12	12	1.88827
12	13	-1.00443
12	21	-0.178629
12	28	-0.215222
13	11	-1.01555
13	12	-1.00443
13	13	4.05676
13	27	-1.02069
13	28	-1.0161
14	6	-1.25051
14	8	-0.741674
14	14	4.02859
14	16	-0.430731
14	17	-1.17997
14	29	-0.425711
15	5	-0.37283
15	15	1.88786
15	16	-0.364144
15	30	-0.976809
15	31	-0.174072
16	5	-1.11916
16	6	-0.687705
16	14	-0.430731
16	15	-0.364144
16	16	3.75043
16	29	-0.292793
16	30	-0.00685517
16	32	-0.84905
17	8	-0.0937983
17	14	-1.17997
17	17	3.76245
17	18	-0.567361
17	29	-0.562303
17	33	-0.463687
17	34	-0.895333
18	8	-1.35243
18	17	-0.567361
18	18	3.86009
18	26	-0.666218
18	34	-0.463687
18	35	-0.810394
19	19	2.00212
19	20	-0.493833
19	22	-0.396351
19	37	-1.11193
20	7	-0.366468
20	19	-0.493833
20	20	1.80735
20	21	-0.219464
20	37	-0.0579089
20	38	-0.669674
21	7	-1.27149
21	12	-0.178629
21	20	-0.219464
21	21	3.91676
21	28	-0.589125
21	36	-1.0736
21	38	-0.584448
22	19	-0.396351
22	22	1.78161
22	23	-0.497837
22	37	-0.299168
22	39	-0.47524
22	40	-0.113013
23	22	-0.497837
23	23	1.98869
23	24	-0.432942
23	40	-1.05791
24	23	-0.432942
24	24	1.87309
24	40	-0.126848
24	41	-0.458189
24	42	-0.855116
25	9	-1.09806
25	10	-0.808285
25	25	4.19083
25	26	-1.06793
25	27	-0.0196869
25	44	-1.19687
26	8	-0.192523
26	9	-0.15494
26	18	-0.666218
26	25	-1.06793
26	26	3.68179
26	35	-0.463687
26	44	-0.401047
26	45	-0.735448
27	10	-0.960896
27	11	-0.202888
27	13	-1.02069
27	25	-0.0196869
27	27	3.85318
27	28	-0.552916
27	44	-0.238954
27	46	-0.857156
28	12	-0.215222
28	13	-1.0161
28	21	-0.589125
28	27	-0.552916
28	28	3.74165
28	36	-0.410979
28	46	-0.0872407
28	47	-0.87007
29	14	-0.425711
29	16	-0.292793
29	17	-0.562303
29	29	3.6206
29	32	-0.249772
29	33	-0.937244
29	49	-0.723806
29	50	-0.428966
30	15	-0.976809
30	16	-0.00685517
30	30	3.91276
30	31	-0.772781
30	32	-1.09331
30	51	-0.27082
30	52	-0.792192
31	15	-0.174072
31	30	-0.772781
31	31	1.77252
31	51	-0.693191
31	53	-0.132479
32	16	-0.84905
32	29	-0.249772
32	30	-1.09331
32	32	3.86506
32	49	-1.00155
32	52	-0.410695
32	54	-0.260688
33	17	-0.463687
33	29	-0.937244
33	33	3.57362
33	34	-0.549402
33	50	-0.654685
33	55	-0.364248
33	56	-0.604352
34	17	-0.895333
34	18	-0.463687
34	33	-0.549402
34	34	3.54931
34	35	-0.566754
34	55	-0.68671
34	57	-0.387427
35	18	-0.810394
35	26	-0.463687
35	34	-0.566754
35	35	3.61586
35	45	-0.780213
35	57	-0.756844
35	58	-0.23797
36	21	-1.0736
36	28	-0.410979
36	36	3.8007
36	38	-0.479112
36	47	-0.272142
36	48	-1.13809
36	62	-0.426776
37	19	-1.11193
37	20	-0.0579089
37	22	-0.299168
37	37	3.83459
37	38	-0.793721
37	39	-0.634259
37	63	-0.937597
38	20	-0.669674
38	21	-0.584448
38	36	-0.479112
38	37	-0.793721
38	38	3.77108
38	62	-1.19029
38	63	-0.0538369
39	22	-0.47524
39	37	-0.634259
39	39	3.81807
39	40	-0.862514
39	63	-0.666253
39	64	-1.17981
40	22	-0.113013
40	23	-1.05791
40	24	-0.126848
40	39	-0.862514
40	40	3.75366
40	42	-0.622783
40	64	-0.198817
40	65	-0.771771
41	24	-0.458189
41	41	1.86522
41	42	-0.139323
41	43	-0.451377
41	67	-0.816331
42	24	-0.855116
42	40	-0.622783
42	41	-0.139323
42	42	3.66175
42	65	-0.620503
42	66	-0.850445
42	67	-0.573582
43	41	-0.451377
43	43	1.99784
43	60	-0.327207
43	67	-0.039642
43	68	-1.17961
44	25	-1.19687
44	26	-0.401047
44	27	-0.238954
44	44	3.80243
44	45	-0.463687
44	46	-0.833049
44	70	-0.668829
45	26	-0.735448
45	35	-0.780213
45	44	-0.463687
45	45	3.81723
45	58	-0.0373992
45	69	-1.22912
45	70	-0.571364
46	27	-0.857156
46	28	-0.0872407
46	44	-0.833049
46	46	3.66868
46	47	-0.818329
46	70	-0.463687
46	71	-0.609223
47	28	-0.87007
47	36	-0.272142
47	46	-0.818329
47	47	3.75874
47	48	-1.06458
47	71	-0.463687
47	72	-0.26993
48	36	-1.13809
48	47	-1.06458
48	48	3.9728
48	62	-0.227547
48	72	-0.996796
48	73	-0.545778
49	29	-0.723806
49	32	-1.00155
49	49	3.74868
49	50	-0.797094
49	54	-0.629317
49	83	-0.596911
50	29	-0.428966
50	33	-0.654685
50	49	-0.797094
50	50	3.57184
50	56	-0.699146
50	83	-0.260347
50	84	-0.731606
51	30	-0.27082
51	31	-0.693191
51	51	3.83855
51	52	-0.812716
51	53	-1.00052
51	85	-1.0613
52	30	-0.792192
52	32	-0.410695
52	51	-0.812716
52	52	3.83182
52	54	-1.20711
52	85	-0.520912
52	86	-0.0881903
53	31	-0.132479
53	51	-1.00052
53	53	1.96412
53	85	-0.293392
53	87	-0.53773
54	32	-0.260688
54	49	-0.629317
54	52	-1.20711
54	54	3.80808
54	83	-0.964864
54	86	-0.547106
54	88	-0.198989
55	33	-0.364248
55	34	-0.68671
55	55	3.53928
55	56	-0.626236
55	57	-0.782665
55	89	-0.387427
55	91	-0.691996
56	33	-0.604352
56	50	-0.699146
56	55	-0.626236
56	56	3.55465
56	84	-0.579204
56	90	-0.747012
56	91	-0.298702
57	34	-0.387427
57	35	-0.756844
57	55	-0.782665
57	57	3.66553
57	58	-0.942629
57	89	-0.675619
57	92	-0.120343
58	35	-0.23797
58	45	-0.0373992
58	57	-0.942629
58	58	3.95358
58	69	-1.0067
58	92	-0.986634
58	93	-0.742249
59	59	1.99957
59	60	-0.468509
59	61	-0.407036
59	94	-1.12403
60	43	-0.327207
60	59	-0.468509
60	60	1.83153
60	68	-0.21325
60	94	-0.00292846
60	95	-0.819635
61	59	-0.407036
61	61	2.05211
61	94	-0.00846031
61	98	-0.337797
61	99	-1.29882
62	36	-0.426776
62	38	-1.19029
62	48	-0.227547
62	62	3.7321
62	63	-0.861408
62	73	-0.563154
62	100	-0.462917
63	37	-0.937597
63	38	-0.0538369
63	39	-0.666253
63	62	-0.861408
63	63	3.6319
63	64	-0.188503
63	100	-0.463687
63	101	-0.460614
64	39	-1.17981
64	40	-0.198817
64	63	-0.188503
64	64	3.83453
64	65	-0.636239
64	101	-0.6616
64	102	-0.96956
65	40	-0.771771
65	42	-0.620503
65	64	-0.636239
65	65	3.54264
65	66	-0.433833
65	102	-0.324836
65	103	-0.755456
66	42	-0.850445
66	65	-0.433833
66	66	3.87096
66	67	-0.957868
66	103	-0.471741
66	104	-1.15708
67	41	-0.816331
67	42	-0.573582
67	43	-0.039642
67	66	-0.957868
67	67	3.83233
67	68	-1.04565
67	104	-0.107935
67	105	-0.291324
68	43	-1.17961
68	60	-0.21325
68	67	-1.04565
68	68	4.02503
68	95	-1.12298
68	105	-0.463531
69	45	-1.22912
69	58	-1.0067
69	69	4.12954
69	70	-0.544666
69	93	-1.14059
69	106	-0.208462
70	44	-0.668829
70	45	-0.571364
70	46	-0.463687
70	69	-0.544666
70	70	3.53004
70	71	-0.628601
70	106	-0.652893
71	46	-0.609223
71	47	-0.463687
71	70	-0.628601
71	71	3.50506
71	72	-0.686633
71	106	-0.736703
71	107	-0.380211
72	47	-0.26993
72	48	-0.996796
72	71	-0.686633
72	72	3.64468
72	73	-0.61636
72	107	-0.734212
72	108	-0.340749
73	48	-0.545778
73	62	-0.563154
73	72	-0.61636
73	73	3.52183
73	100	-0.729443
73	108	-0.63342
73	109	-0.433679
74	74	1.84796
74	75	-0.299302
74	96	-0.385193
74	111	-0.960495
74	112	-0.202972
75	74	-0.299302
75	75	1.79942
75	77	-0.2045
75	78	-0.367823
75	112	-0.927792
76	76	2.05404
76	77	-0.307767
76	79	-0.507463
76	113	-0.00787044
76	114	-1.23094
77	75	-0.2045
77	76	-0.307767
77	77	1.89019
77	78	-1.12161
77	114	-0.256309
78	75	-0.367823
78	77	-1.12161
78	78	3.91664
78	112	-0.779595
78	114	-0.43989
78	115	-1.20773
79	76	-0.507463
79	79	2.04547
79	80	-0.696343
79	113	-0.838631
79	117	-0.00303477
80	79	-0.696343
80	80	2.21259
80	81	-0.231002
80	82	-1.28354
80	117	-0.0017073
81	80	-0.231002
81	81	1.7293
81	82	-0.530845
81	118	-0.345831
81	120	-0.62162
82	80	-1.28354
82	81	-0.530845
82	82	3.98826
82	117	-1.05563
82	120	-0.702822
82	121	-0.415423
83	49	-0.596911
83	50	-0.260347
83	54	-0.964864
83	83	3.61392
83	84	-0.581272
83	88	-0.701469
83	128	-0.509059
84	50	-0.731606
84	56	-0.579204
84	83	-0.581272
84	84	3.60766
84	90	-0.1857
84	127	-0.86588
84	128	-0.663997
85	51	-1.0613
85	52	-0.520912
85	53	-0.293392
85	85	4.02332
85	86	-1.0237
85	87	-0.0245909
85	129	-1.09942
86	52	-0.0881903
86	54	-0.547106
86	85	-1.0237
86	86	3.91616
86	88	-1.08046
86	129	-0.0724287
86	130	-0.100206
86	131	-1.00407
87	53	-0.53773
87	85	-0.0245909
87	87	1.96393
87	129	-0.943422
87	132	-0.458189
88	54	-0.198989
88	83	-0.701469
88	86	-1.08046
88	88	3.88044
88	128	-1.09354
88	131	-0.49583
88	133	-0.310153
89	55	-0.387427
89	57	-0.675619
89	89	3.74326
89	91	-0.899674
89	92	-1.0322
89	136	-0.0667382
89	137	-0.681605
90	56	-0.747012
90	84	-0.1857
90	90	3.65436
90	91	-0.726088
90	127	-0.809595
90	134	-0.888342
90	135	-0.0810391
90	138	-0.216582
91	55	-0.691996
91	56	-0.298702
91	89	-0.899674
91	90	-0.726088
91	91	3.58773
91	137	-0.387427
91	138	-0.583844
92	57	-0.120343
92	58	-0.986634
92	89	-1.0322
92	92	3.9226
92	93	-0.0306326
92	136	-0.743551
92	140	-1.00924
93	58	-0.742249
93	69	-1.14059
93	92	-0.0306326
93	93	3.8493
93	106	-0.197515
93	139	-0.893044
93	140	-0.453234
93	141	-0.392039
94	59	-1.12403
94	60	-0.00292846
94	61	-0.00846031
94	94	3.92598
94	95	-0.884809
94	99	-0.764909
94	142	-0.115204
94	144	-1.02564
95	60	-0.819635
95	68	-1.12298
95	94	-0.884809
95	95	3.96979
95	105	-0.000214395
95	143	-1.02545
95	144	-0.116694
96	74	-0.385193
96	96	1.89041
96	97	-0.429073
96	110	-0.964294
96	111	-0.0722854
96	146	-0.0395671
97	96	-0.429073
97	97	1.9932
97	98	-0.538339
97	146	-1.02579
98	61	-0.337797
98	97	-0.538339
98	98	1.80763
98	99	-0.335729
98	146	-0.0412147
98	147	-0.554554
99	61	-1.29882
99	94	-0.764909
99	98	-0.335729
99	99	4.04064
99	142	-1.2112
99	147	-0.429987
100	62	-0.462917
100	63	-0.463687
100	73	-0.729443
100	100	3.52077
100	101	-0.752496
100	109	-0.673276
100	149	-0.438953
101	63	-0.460614
101	64	-0.6616
101	100	-0.752496
101	101	3.54354
101	102	-0.565779
101	149	-0.693884
101	150	-0.409165
102	64	-0.96956
102	65	-0.324836
102	101	-0.565779
102	102	3.57778
102	103	-0.633025
102	150	-0.666788
102	151	-0.417794
103	65	-0.755456
103	66	-0.471741
103	102	-0.633025
103	103	3.52252
103	104	-0.574397
103	151	-0.729762
103	152	-0.358143
104	66	-1.15708
104	67	-0.107935
104	103	-0.574397
104	104	3.79596
104	105	-0.875076
104	152	-0.648863
104	153	-0.432614
105	67	-0.291324
105	68	-0.463531
105	95	-0.000214395
105	104	-0.875076
105	105	3.65322
105	143	-0.92443
105	153	-0.686191
105	154	-0.412453
106	69	-0.208462
106	70	-0.652893
106	71	-0.736703
106	93	-0.197515
106	106	3.55088
106	107	-0.620225
106	139	-0.806397
106	155	-0.328683
107	71	-0.380211
107	72	-0.734212
107	106	-0.620225
107	107	3.55809
107	108	-0.750827
107	155	-0.781628
107	156	-0.290986
108	72	-0.340749
108	73	-0.63342
108	107	-0.750827
108	108	3.51441
108	109	-0.681275
108	156	-0.60013
108	157	-0.508009
109	73	-0.433679
109	100	-0.673276
109	108	-0.681275
109	109	3.49174
109	149	-0.619881
109	157	-0.631135
109	158	-0.452493
110	96	-0.964294
110	110	3.99923
110	111	-0.962144
110	145	-1.09722
110	146	-0.716381
110	159	-0.259191
111	74	-0.960495
111	96	-0.0722854
111	110	-0.962144
111	111	3.96503
111	112	-0.816886
111	159	-1.15322
112	74	-0.202972
112	75	-0.927792
112	78	-0.779595
112	111	-0.816886
112	112	3.64105
112	115	-0.160771
112	159	-0.274191
112	160	-0.478841
113	76	-0.00787044
113	79	-0.838631
113	113	4.09011
113	114	-0.971996
113	117	-1.31685
113	161	-0.954764
114	76	-1.23094
114	77	-0.256309
114	78	-0.43989
114	113	-0.971996
114	114	3.82931
114	115	-0.563451
114	161	-0.36672
115	78	-1.20773
115	112	-0.160771
115	114	-0.563451
115	115	4.05299
115	160	-0.709153
115	161	-0.14685
115	162	-1.26504
116	116	1.94133
116	118	-0.3519
116	119	-1.10411
116	125	-0.406049
116	163	-0.0792725
117	79	-0.00303477
117	80	-0.0017073
117	82	-1.05563
117	113	-1.31685
117	117	4.24309
117	121	-0.530316
117	161	-0.0250126
117	164	-1.22645
117	165	-0.084087
118	81	-0.345831
118	116	-0.3519
118	118	1.76998
118	119	-0.422973
118	120	-0.599387
118	166	-0.0498937
119	116	-1.10411
119	118	-0.422973
119	119	3.87381
119	163	-0.753058
119	166	-0.719902
119	167	-0.873768
120	81	-0.62162
120	82	-0.702822
120	118	-0.599387
120	120	3.71531
120	121	-0.552614
120	166	-1.12643
120	168	-0.112429
121	82	-0.415423
121	117	-0.530316
121	120	-0.552614
121	121	3.52151
121	164	-0.604814
121	168	-0.756482
121	169	-0.661867
122	122	1.84718
122	123	-0.401149
122	126	-0.319888
122	170	-0.920517
122	171	-0.205624
123	122	-0.401149
123	123	1.84483
123	124	-0.504438
123	170	-0.19193
123	172	-0.747309
124	123	-0.504438
124	124	1.93167
124	125	-0.456878
124	172	-0.0556874
124	173	-0.914668
125	116	-0.406049
125	124	-0.456878
125	125	1.92561
125	163	-0.995169
125	173	-0.0675165
126	122	-0.319888
126	126	1.88935
126	171	-0.956053
126	175	-0.464395
126	176	-0.149015
127	84	-0.86588
127	90	-0.809595
127	127	3.95371
127	128	-0.114173
127	135	-1.13615
127	177	-1.02792
128	83	-0.509059
128	84	-0.663997
128	88	-1.09354
128	127	-0.114173
128	128	3.74249
128	133	-0.524266
128	177	-0.837458
129	85	-1.09942
129	86	-0.0724287
129	87	-0.943422
129	129	4.06789
129	130	-1.22745
129	132	-0.0279175
129	179	-0.697248
130	86	-0.100206
130	129	-1.22745
130	130	3.86654
130	131	-0.731423
130	178	-0.735205
130	179	-0.3916
130	180	-0.680655
131	86	-1.00407
131	88	-0.49583
131	130	-0.731423
131	131	3.82241
131	133	-0.135349
131	180	-0.526726
131	181	-0.92901
132	87	-0.458189
132	129	-0.0279175
132	132	1.98449
132	179	-1.12971
132	182	-0.368675
133	88	-0.310153
133	128	-0.524266
133	131	-0.135349
133	133	3.60879
133	177	-0.708151
133	181	-0.908309
133	184	-0.248361
133	185	-0.774203
134	90	-0.888342
134	134	3.97764
134	135	-1.14601
134	138	-1.18214
134	186	-0.167159
134	187	-0.593986
135	90	-0.0810391
135	127	-1.13615
135	134	-1.14601
135	135	4.0102
135	177	-0.0586372
135	183	-0.320914
135	186	-1.0418
135	188	-0.22565
136	89	-0.0667382
136	92	-0.743551
136	136	3.86424
136	137	-0.801592
136	140	-0.234473
136	189	-0.783227
136	190	-1.23466
137	89	-0.681605
137	91	-0.387427
137	136	-0.801592
137	137	3.68738
137	138	-1.04269
137	190	-0.222152
137	191	-0.551914
138	90	-0.216582
138	91	-0.583844
138	134	-1.18214
138	137	-1.04269
138	138	3.84212
138	187	-0.198501
138	191	-0.618365
139	93	-0.893044
139	106	-0.806397
139	139	3.71109
139	141	-0.873267
139	155	-0.693743
139	192	-0.444638
140	92	-1.00924
140	93	-0.453234
140	136	-0.234473
140	140	4.0144
140	141	-0.873176
140	189	-1.39591
140	193	-0.048363
141	93	-0.392039
141	139	-0.873267
141	140	-0.873176
141	141	3.62283
141	192	-0.504703
141	193	-0.721993
141	195	-0.257647
142	94	-0.115204
142	99	-1.2112
142	142	3.73829
142	144	-0.775838
142	147	-0.566426
142	148	-0.476918
142	196	-0.5927
143	95	-1.02545
143	105	-0.92443
143	143	3.79341
143	144	-0.793557
143	154	-0.678784
143	197	-0.371187
144	94	-1.02564
144	95	-0.116694
144	142	-0.775838
144	143	-0.793557
144	144	3.70054
144	196	-0.32174
144	197	-0.667073
145	110	-1.09722
145	145	4.17969
145	146	-1.07369
145	159	-0.0900085
145	198	-0.65768
145	199	-1.2611
146	96	-0.0395671
146	97	-1.02579
146	98	-0.0412147
146	110	-0.716381
146	145	-1.07369
146	146	4.04811
146	147	-1.05119
146	199	-0.100278
147	98	-0.554554
147	99	-0.429987
147	142	-0.566426
147	146	-1.05119
147	147	3.82275
147	148	-1.13164
147	199	-0.0889512
148	142	-0.476918
148	147	-1.13164
148	148	3.87497
148	196	-0.398684
148	199	-0.823328
148	200	-1.0444
149	100	-0.438953
149	101	-0.693884
149	109	-0.619881
149	149	3.51151
149	150	-0.695705
149	158	-0.699957
149	202	-0.363129
150	101	-0.409165
150	102	-0.666788
150	149	-0.695705
150	150	3.50223
150	151	-0.588795
150	202	-0.699385
150	203	-0.442396
151	102	-0.417794
151	103	-0.729762
151	150	-0.588795
151	151	3.51068
151	152	-0.667547
151	203	-0.695094
151	204	-0.41169
152	103	-0.358143
152	104	-0.648863
152	151	-0.667547
152	152	3.50064
152	153	-0.666101
152	204	-0.658739
152	205	-0.501243
153	104	-0.432614
153	105	-0.686191
153	152	-0.666101
153	153	3.50955
153	154	-0.692417
153	205	-0.659232
153	206	-0.372994
154	105	-0.412453
154	143	-0.678784
154	153	-0.692417
154	154	3.58167
154	197	-0.451673
154	206	-0.450325
154	207	-0.896018
155	106	-0.328683
155	107	-0.781628
155	139	-0.693743
155	155	3.54099
155	156	-0.70424
155	192	-0.616943
155	208	-0.415752
156	107	-0.290986
156	108	-0.60013
156	155	-0.70424
156	156	3.51903
156	157	-0.681275
156	208	-0.632297
156	209	-0.610105
157	108	-0.508009
157	109	-0.631135
157	156	-0.681275
157	157	3.48196
157	158	-0.606341
157	209	-0.589165
157	210	-0.466033
158	109	-0.452493
158	149	-0.699957
158	157	-0.606341
158	158	3.55726
158	202	-0.756399
158	210	-0.780879
158	211	-0.261194
159	110	-0.259191
159	111	-1.15322
159	112	-0.274191
159	145	-0.0900085
159	159	3.73255
159	160	-0.700722
159	198	-0.769681
159	212	-0.485529
160	112	-0.478841
160	115	-0.709153
160	159	-0.700722
160	160	3.54058
160	162	-0.431988
160	212	-0.762341
160	213	-0.457537
161	113	-0.954764
161	114	-0.36672
161	115	-0.14685
161	117	-0.0250126
161	161	3.76912
161	162	-0.579277
161	165	-1.10862
161	214	-0.587876
162	115	-1.26504
162	160	-0.431988
162	161	-0.579277
162	162	3.88498
162	213	-0.949814
162	214	-0.658864
163	116	-0.0792725
163	119	-0.753058
163	125	-0.995169
163	163	3.84024
163	167	-0.13562
163	173	-0.943545
163	215	-0.933581
164	117	-1.22645
164	121	-0.604814
164	164	3.90468
164	165	-1.03119
164	169	-0.610603
164	216	-0.431617
165	117	-0.084087
165	161	-1.10862
165	164	-1.03119
165	165	3.92275
165	214	-0.12921
165	216	-0.730801
165	217	-0.838844
166	118	-0.0498937
166	119	-0.719902
166	120	-1.12643
166	166	3.97312
166	167	-0.866782
166	168	-1.04884
166	219	-0.161263
167	119	-0.873768
167	163	-0.13562
167	166	-0.866782
167	167	3.91666
167	215	-1.09771
167	219	-0.942774
168	120	-0.112429
168	121	-0.756482
168	166	-1.04884
168	168	3.69144
168	169	-0.476641
168	219	-0.739484
168	220	-0.557563
169	121	-0.661867
169	164	-0.610603
169	168	-0.476641
169	169	3.54191
169	216	-0.611758
169	218	-0.343886
169	220	-0.837152
170	122	-0.920517
170	123	-0.19193
170	170	3.71797
170	171	-1.04223
170	172	-0.532805
170	174	-0.58061
170	222	-0.449877
171	122	-0.205624
171	126	-0.956053
171	170	-1.04223
171	171	3.88546
171	176	-0.145266
171	222	-0.497841
171	223	-1.03844
172	123	-0.747309
172	124	-0.0556874
172	170	-0.532805
172	172	3.89635
172	173	-0.901959
172	174	-1.30544
172	224	-0.353147
173	124	-0.914668
173	125	-0.0675165
173	163	-0.943545
173	172	-0.901959
173	173	3.82551
173	215	-0.170244
173	224	-0.827581
174	170	-0.58061
174	172	-1.30544
174	174	3.87651
174	222	-0.636744
174	224	-0.155858
174	225	-0.983107
174	226	-0.214745
175	126	-0.464395
175	175	1.96783
175	176	-0.996596
175	227	-0.0142912
175	228	-0.492547
176	126	-0.149015
176	171	-0.145266
176	175	-0.996596
176	176	3.94795
176	223	-1.04978
176	227	-0.984685
176	229	-0.622613
177	127	-1.02792
177	128	-0.837458
177	133	-0.708151
177	135	-0.0586372
177	177	3.86039
177	183	-1.04301
177	185	-0.185214
178	130	-0.735205
178	178	4.35389
178	179	-0.886633
178	180	-1.19743
178	231	-1.53462
179	129	-0.697248
179	130	-0.3916
179	132	-1.12971
179	178	-0.886633
179	179	3.79984
179	182	-0.409734
179	231	-0.0427046
179	232	-0.242214
180	130	-0.680655
180	131	-0.526726
180	178	-1.19743
180	180	3.89874
180	181	-0.477259
180	231	-0.0397381
180	233	-0.976931
181	131	-0.92901
181	133	-0.908309
181	180	-0.477259
181	181	3.75646
181	184	-0.8084
181	233	-0.633484
182	132	-0.368675
182	179	-0.409734
182	182	1.80344
182	232	-0.714919
182	234	-0.310117
183	135	-0.320914
183	177	-1.04301
183	183	3.87959
183	185	-1.02
183	188	-0.999321
183	237	-0.496345
184	133	-0.248361
184	181	-0.8084
184	184	3.72921
184	185	-0.921207
184	233	-0.137268
184	235	-0.677186
184	236	-0.811636
184	238	-0.125147
185	133	-0.774203
185	177	-0.185214
185	183	-1.02
185	184	-0.921207
185	185	3.78595
185	237	-0.106367
185	238	-0.778963
186	134	-0.167159
186	135	-1.0418
186	186	3.85323
186	187	-0.92406
186	188	-0.92248
186	239	-0.704539
186	240	-0.0931889
187	134	-0.593986
187	138	-0.198501
187	186	-0.92406
187	187	3.58872
187	191	-0.641096
187	240	-0.685896
187	241	-0.545181
188	135	-0.22565
188	183	-0.999321
188	186	-0.92248
188	188	3.72518
188	237	-0.432348
188	239	-0.431826
188	242	-0.713557
189	136	-0.783227
189	140	-1.39591
189	189	3.90306
189	190	-0.0500111
189	193	-0.718995
189	194	-0.54454
189	243	-0.410377
190	136	-1.23466
190	137	-0.222152
190	189	-0.0500111
190	190	3.91463
190	191	-0.636949
190	243	-0.864439
190	244	-0.906422
191	137	-0.551914
191	138	-0.618365
191	187	-0.641096
191	190	-0.636949
191	191	3.51734
191	241	-0.629403
191	244	-0.439612
192	139	-0.444638
192	141	-0.504703
192	155	-0.616943
192	192	3.6859
192	195	-0.881916
192	208	-1.05422
192	245	-0.183476
193	140	-0.048363
193	141	-0.721993
193	189	-0.718995
193	193	3.64427
193	194	-0.742658
193	195	-0.796326
193	246	-0.615932
194	189	-0.54454
194	193	-0.742658
194	194	3.71525
194	243	-0.883059
194	246	-0.857919
194	247	-0.687075
195	141	-0.257647
195	192	-0.881916
195	193	-0.796326
195	195	3.66895
195	245	-0.910836
195	246	-0.475594
195	248	-0.34663
196	142	-0.5927
196	144	-0.32174
196	148	-0.398684
196	196	3.61568
196	197	-0.762387
196	200	-0.54242
196	249	-0.997746
197	143	-0.371187
197	144	-0.667073
197	154	-0.451673
197	196	-0.762387
197	197	3.56616
197	207	-0.844153
197	249	-0.187657
197	250	-0.282027
198	145	-0.65768
198	159	-0.769681
198	198	3.91684
198	199	-0.420975
198	212	-0.647104
198	251	-1.4214
199	145	-1.2611
199	146	-0.100278
199	147	-0.0889512
199	148	-0.823328
199	198	-0.420975
199	199	3.82885
199	200	-0.143971
199	201	-0.827623
199	251	-0.162623
200	148	-1.0444
200	196	-0.54242
200	199	-0.143971
200	200	3.66767
200	201	-0.684699
200	249	-0.477578
200	253	-0.774603
201	199	-0.827623
201	200	-0.684699
201	201	3.81145
201	251	-0.834526
201	252	-1.13541
201	253	-0.329195
202	149	-0.363129
202	150	-0.699385
202	158	-0.756399
202	202	3.56522
202	203	-0.51852
202	211	-0.86967
202	254	-0.358121
203	150	-0.442396
203	151	-0.695094
203	202	-0.51852
203	203	3.52539
203	204	-0.769821
203	254	-0.694914
203	255	-0.404641
204	151	-0.41169
204	152	-0.658739
204	203	-0.769821
204	204	3.50275
204	205	-0.58923
204	255	-0.611489
204	256	-0.461778
205	152	-0.501243
205	153	-0.659232
205	204	-0.58923
205	205	3.51263
205	206	-0.731876
205	256	-0.697512
205	257	-0.333534
206	153	-0.372994
206	154	-0.450325
206	205	-0.731876
206	206	3.54634
206	207	-0.778511
206	257	-0.550115
206	258	-0.662515
207	154	-0.896018
207	197	-0.844153
207	206	-0.778511
207	207	3.77598
207	250	-0.95333
207	258	-0.303968
208	155	-0.415752
208	156	-0.632297
208	192	-1.05422
208	208	3.59045
208	209	-0.538532
208	245	-0.46251
208	259	-0.487141
209	156	-0.610105
209	157	-0.589165
209	208	-0.538532
209	209	3.47734
209	210	-0.5928
209	259	-0.66716
209	260	-0.479574
210	157	-0.466033
210	158	-0.780879
210	209	-0.5928
210	210	3.55047
210	211	-0.588132
210	260	-0.810494
210	261	-0.312128
211	158	-0.261194
211	202	-0.86967
211	210	-0.588132
211	211	3.58201
211	254	-0.645855
211	261	-0.79681
211	262	-0.420353
212	159	-0.485529
212	160	-0.762341
212	198	-0.647104
212	212	3.62128
212	213	-0.705581
212	251	-0.139411
212	263	-0.841152
212	264	-0.0401586
213	160	-0.457537
213	162	-0.949814
213	212	-0.705581
213	213	3.71965
213	214	-0.630358
213	264	-0.871114
213	265	-0.10525
214	161	-0.587876
214	162	-0.658864
214	165	-0.12921
214	213	-0.630358
214	214	3.66051
214	217	-0.920413
214	265	-0.733787
215	163	-0.933581
215	167	-1.09771
215	173	-0.170244
215	215	3.91093
215	219	-0.0357947
215	221	-1.07559
215	224	-0.531945
215	266	-0.0660619
216	164	-0.431617
216	165	-0.730801
216	169	-0.611758
216	216	3.56762
216	217	-0.282468
216	218	-0.842658
216	267	-0.668321
217	165	-0.838844
217	214	-0.920413
217	216	-0.282468
217	217	3.62605
217	265	-0.476053
217	267	-0.531858
217	268	-0.576417
218	169	-0.343886
218	216	-0.842658
218	218	3.82345
218	220	-0.537903
218	267	-0.0266278
218	269	-1.15403
218	270	-0.918343
219	166	-0.161263
219	167	-0.942774
219	168	-0.739484
219	215	-0.0357947
219	219	3.68119
219	220	-0.555928
219	221	-0.797254
219	272	-0.448691
220	168	-0.557563
220	169	-0.837152
220	218	-0.537903
220	219	-0.555928
220	220	3.79075
220	270	-0.0301758
220	271	-1.22432
220	272	-0.0477075
221	215	-1.07559
221	219	-0.797254
221	221	3.94964
221	266	-1.01444
221	272	-0.968237
221	273	-0.0941105
222	170	-0.449877
222	171	-0.497841
222	174	-0.636744
222	222	3.61721
222	223	-0.782232
222	226	-0.879733
222	274	-0.370789
223	171	-1.03844
223	176	-1.04978
223	222	-0.782232
223	223	4.08328
223	229	-1.09756
223	274	-0.115274
224	172	-0.353147
224	173	-0.827581
224	174	-0.155858
224	215	-0.531945
224	224	3.66994
224	225	-0.913248
224	266	-0.853689
224	275	-0.0344736
225	174	-0.983107
225	224	-0.913248
225	225	3.89456
225	226	-0.745043
225	275	-1.09203
225	276	-0.161128
226	174	-0.214745
226	222	-0.879733
226	225	-0.745043
226	226	3.71381
226	274	-0.806473
226	276	-0.920035
226	277	-0.147779
227	175	-0.0142912
227	176	-0.984685
227	227	4.05733
227	228	-0.829839
227	229	-0.0272845
227	230	-0.839131
227	280	-1.3621
228	175	-0.492547
228	227	-0.829839
228	228	1.8768
228	280	-0.139774
228	281	-0.414645
229	176	-0.622613
229	223	-1.09756
229	227	-0.0272845
229	229	3.84004
229	230	-0.865932
229	274	-0.518013
229	285	-0.708641
230	227	-0.839131
230	229	-0.865932
230	230	3.67833
230	280	-0.13195
230	285	-0.329094
230	286	-0.670563
230	287	-0.841656
231	178	-1.53462
231	179	-0.0427046
231	180	-0.0397381
231	231	4.15399
231	232	-0.876053
231	233	-0.0562934
231	290	-0.887471
231	291	-0.717109
232	179	-0.242214
232	182	-0.714919
232	231	-0.876053
232	232	3.63139
232	234	-0.639882
232	291	-0.633848
232	292	-0.524475
233	180	-0.976931
233	181	-0.633484
233	184	-0.137268
233	231	-0.0562934
233	233	3.85859
233	235	-0.548069
233	290	-1.25553
233	293	-0.251014
234	182	-0.310117
234	232	-0.639882
234	234	1.72407
234	292	-0.516208
234	296	-0.257866
235	184	-0.677186
235	233	-0.548069
235	235	3.7024
235	236	-0.928642
235	293	-0.847627
235	295	-0.436672
235	297	-0.264199
236	184	-0.811636
236	235	-0.928642
236	236	3.84215
236	238	-0.897202
236	297	-0.969857
236	298	-0.234817
237	183	-0.496345
237	185	-0.106367
237	188	-0.432348
237	237	3.65427
237	238	-0.920145
237	242	-0.16838
237	289	-0.938901
237	299	-0.591781
238	184	-0.125147
238	185	-0.778963
238	236	-0.897202
238	237	-0.920145
238	238	3.69388
238	298	-0.609339
238	299	-0.363088
239	186	-0.704539
239	188	-0.431826
239	239	3.80452
239	240	-1.05465
239	242	-0.916796
239	300	-0.69671
240	186	-0.0931889
240	187	-0.685896
240	239	-1.05465
240	240	3.94829
240	241	-0.649905
240	300	-0.156262
240	301	-1.30839
241	187	-0.545181
241	191	-0.629403
241	240	-0.649905
241	241	3.48214
241	244	-0.552993
241	294	-0.6702
241	301	-0.245336
241	302	-0.189123
242	188	-0.713557
242	237	-0.16838
242	239	-0.916796
242	242	4.07467
242	289	-1.40048
242	300	-0.841182
242	303	-0.0342732
243	189	-0.410377
243	190	-0.864439
243	194	-0.883059
243	243	3.66736
243	244	-0.603
243	247	-0.33786
243	305	-0.568622
244	190	-0.906422
244	191	-0.439612
244	241	-0.552993
244	243	-0.603
244	244	3.60016
244	294	-0.748812
244	305	-0.349318
245	192	-0.183476
245	195	-0.910836
245	208	-0.46251
245	245	3.65728
245	248	-0.514815
245	259	-0.78031
245	306	-0.80533
246	193	-0.615932
246	194	-0.857919
246	195	-0.475594
246	246	3.87284
246	247	-0.0463432
246	248	-0.548924
246	308	-1.32813
247	194	-0.687075
247	243	-0.33786
247	246	-0.0463432
247	247	3.6997
247	304	-1.09599
247	305	-0.117545
247	307	-0.142698
247	308	-0.749709
247	309	-0.522484
248	195	-0.34663
248	245	-0.514815
248	246	-0.548924
248	248	3.64033
248	306	-0.681275
248	308	-0.0320338
248	310	-0.576174
248	311	-0.940476
249	196	-0.997746
249	197	-0.187657
249	200	-0.477578
249	249	3.65953
249	250	-0.717319
249	253	-0.58991
249	312	-0.689321
250	197	-0.282027
250	207	-0.95333
250	249	-0.717319
250	250	3.68104
250	258	-0.642705
250	312	-0.76132
250	313	-0.324339
251	198	-1.4214
251	199	-0.162623
251	201	-0.834526
251	212	-0.139411
251	251	3.8692
251	252	-0.149596
251	263	-0.598755
251	314	-0.562885
252	201	-1.13541
252	251	-0.149596
252	252	4.06417
252	253	-0.857428
252	314	-0.668132
252	315	-1.25361
253	200	-0.774603
253	201	-0.329195
253	249	-0.58991
253	252	-0.857428
253	253	3.62912
253	312	-0.688521
253	315	-0.122902
253	316	-0.266565
254	202	-0.358121
254	203	-0.694914
254	211	-0.645855
254	254	3.62748
254	255	-0.95265
254	262	-0.747147
254	317	-0.228791
255	203	-0.404641
255	204	-0.611489
255	254	-0.95265
255	255	3.55059
255	256	-0.603632
255	317	-0.50985
255	318	-0.468327
256	204	-0.461778
256	205	-0.697512
256	255	-0.603632
256	256	3.5339
256	257	-0.771336
256	318	-0.705562
256	319	-0.294075
257	205	-0.333534
257	206	-0.550115
257	256	-0.771336
257	257	3.54452
257	258	-0.554005
257	319	-0.578261
257	320	-0.75727
258	206	-0.662515
258	207	-0.303968
258	250	-0.642705
258	257	-0.554005
258	258	3.61841
258	313	-0.469872
258	320	-0.98535
259	208	-0.487141
259	209	-0.66716
259	245	-0.78031
259	259	3.51272
259	260	-0.57926
259	306	-0.505738
260	209	-0.479574
260	210	-0.810494
260	259	-0.57926
260	260	3.57124
260	261	-0.571107
261	210	-0.312128
261	211	-0.79681
261	260	-0.571107
261	261	3.56201
261	262	-0.624037
262	211	-0.420353
262	254	-0.747147
262	261	-0.624037
262	262	3.59322
262	317	-0.848199
263	212	-0.841152
263	251	-0.598755
263	263	3.69022
263	264	-0.878004
263	314	-0.734192
264	212	-0.0401586
264	213	-0.871114
264	263	-0.878004
264	264	3.71897
264	265	-0.743984
265	213	-0.10525
265	214	-0.733787
265	217	-0.476053
265	264	-0.743984
265	265	3.60821
265	268	-0.180296
266	215	-0.0660619
266	221	-1.01444
266	224	-0.853689
266	266	3.78473
266	273	-0.752251
266	275	-0.855273
267	216	-0.668321
267	217	-0.531858
267	218	-0.0266278
267	267	3.86416
267	268	-1.02595
267	269	-1.18576
268	217	-0.576417
268	265	-0.180296
268	267	-1.02595
268	268	3.78909
269	218	-1.15403
269	267	-1.18576
269	269	4.03232
269	270	-0.182983
270	218	-0.918343
270	220	-0.0301758
270	269	-0.182983
270	270	3.85081
270	271	-1.05326
271	220	-1.22432
271	270	-1.05326
271	271	3.97638
271	272	-0.781698
272	219	-0.448691
272	220	-0.0477075
272	221	-0.968237
272	271	-0.781698
272	272	3.77085
272	273	-0.799813
273	221	-0.0941105
273	266	-0.752251
273	272	-0.799813
273	273	3.52876
274	222	-0.370789
274	223	-0.115274
274	226	-0.806473
274	229	-0.518013
274	274	3.63435
274	277	-0.882535
274	285	-0.800946
275	224	-0.0344736
275	225	-1.09203
275	266	-0.855273
275	275	3.91019
275	276	-0.793594
276	225	-0.161128
276	226	-0.920035
276	275	-0.793594
276	276	3.73159
276	277	-0.810712
277	226	-0.147779
277	274	-0.882535
277	276	-0.810712
277	277	3.73924
278	278	2.03359
278	279	-0.30392
278	283	-0.418236
279	278	-0.30392
279	279	1.80744
279	282	-0.375507
280	227	-1.3621
280	228	-0.139774
280	230	-0.13195
280	280	3.91052
280	281	-0.736484
280	287	-0.65338
281	228	-0.414645
281	280	-0.736484
281	281	1.81403
281	282	-0.439916
282	279	-0.375507
282	281	-0.439916
282	282	1.78795
283	278	-0.418236
283	283	1.96058
283	284	-0.522402
284	283	-0.522402
284	284	1.95025
284	288	-0.151351
285	229	-0.708641
285	230	-0.329094
285	274	-0.800946
285	285	3.66417
285	286	-0.849848
286	230	-0.670563
286	285	-0.849848
286	286	3.96927
286	287	-0.216327
287	230	-0.841656
287	280	-0.65338
287	286	-0.216327
287	287	3.67231
288	284	-0.151351
288	288	1.75539
289	237	-0.938901
289	242	-1.40048
289	289	4.1436
289	299	-0.698232
289	303	-0.0433448
290	231	-0.887471
290	233	-1.25553
290	290	3.81295
290	291	-0.225398
290	293	-0.660512
291	231	-0.717109
291	232	-0.633848
291	290	-0.225398
291	291	3.70887
291	292	-0.641233
292	232	-0.524475
292	234	-0.516208
292	291	-0.641233
292	292	3.50224
292	296	-0.705666
293	233	-0.251014
293	235	-0.847627
293	290	-0.660512
293	293	3.61599
293	295	-0.802302
294	241	-0.6702
294	244	-0.748812
294	294	3.94968
294	302	-1.24031
294	305	-1.0686
295	235	-0.436672
295	293	-0.802302
295	295	3.74025
295	297	-0.929799
296	234	-0.257866
296	292	-0.705666
296	296	1.73487
297	235	-0.264199
297	236	-0.969857
297	295	-0.929799
297	297	3.83142
297	298	-0.642227
298	236	-0.234817
298	238	-0.609339
298	297	-0.642227
298	298	3.81427
298	299	-1.00863
299	237	-0.591781
299	238	-0.363088
299	289	-0.698232
299	298	-1.00863
299	299	3.73619
300	239	-0.69671
300	240	-0.156262
300	242	-0.841182
300	300	4.07978
300	301	-0.102233
300	303	-1.49332
301	240	-1.30839
301	241	-0.245336
301	300	-0.102233
301	301	3.99426
301	302	-0.866937
302	241	-0.189123
302	294	-1.24031
302	301	-0.866937
302	302	3.88043
303	242	-0.0342732
303	289	-0.0433448
303	300	-1.49332
303	303	4.1869
304	247	-1.09599
304	304	4.17424
304	305	-1.2355
304	307	-1.0628
305	243	-0.568622
305	244	-0.349318
305	247	-0.117545
305	294	-1.0686
305	304	-1.2355
305	305	3.88697
306	245	-0.80533
306	248	-0.681275
306	259	-0.505738
306	306	3.64625
306	311	-0.661362
307	247	-0.142698
307	304	-1.0628
307	307	4.14139
307	309	-0.738723
308	246	-1.32813
308	247	-0.749709
308	248	-0.0320338
308	308	4.06469
308	309	-0.808738
308	310	-1.10834
309	247	-0.522484
309	307	-0.738723
309	308	-0.808738
309	309	3.77895
310	248	-0.576174
310	308	-1.10834
310	310	3.82122
310	311	-0.768821
311	248	-0.940476
311	306	-0.661362
311	310	-0.768821
311	311	3.67168
312	249	-0.689321
312	250	-0.76132
312	253	-0.688521
312	312	3.70467
312	313	-0.936835
312	316	-0.588852
313	250	-0.324339
313	258	-0.469872
313	312	-0.936835
313	313	3.89772
313	320	-0.263249
314	251	-0.562885
314	252	-0.668132
314	263	-0.734192
314	314	3.53447
314	315	-0.496851
315	252	-1.25361
315	253	-0.122902
315	314	-0.496851
315	315	3.89745
315	316	-0.696789
316	253	-0.266565
316	312	-0.588852
316	315	-0.696789
316	316	3.61267
317	254	-0.228791
317	255	-0.50985
317	262	-0.848199
317	317	3.59013
317	318	-0.746354
318	255	-0.468327
318	256	-0.705562
318	317	-0.746354
318	318	3.57278
318	319	-0.810796
319	256	-0.294075
319	257	-0.578261
319	318	-0.810796
319	319	3.54945
319	320	-0.498769
320	257	-0.75727
320	258	-0.98535
320	313	-0.263249
320	319	-0.498769
320	320	3.65091
