Matrix Dimension= 5121
List of nonzero entries: I , J , A(I,J)
0	0	1.81671
0	1	-0.06193
0	2	-0.242138
0	3	-0.804089
0	4	-0.708548
1	0	-0.06193
1	1	2.01428
1	3	-1.02227
1	5	-0.557939
1	6	-0.372145
2	0	-0.242138
2	2	1.79455
2	4	-0.648425
2	7	-0.472106
2	9	-0.431881
3	0	-0.804089
3	1	-1.02227
3	3	3.96493
3	4	-0.808537
3	6	-1.12819
3	11	-0.201848
4	0	-0.708548
4	2	-0.648425
4	3	-0.808537
4	4	3.80671
4	8	-1.14182
4	9	-0.256347
4	11	-0.243034
5	1	-0.557939
5	5	1.8961
5	6	-0.234245
5	10	-0.448355
5	12	-0.655562
6	1	-0.372145
6	3	-1.12819
6	5	-0.234245
6	6	4.19452
6	11	-1.01121
6	12	-0.111308
6	13	-1.33742
7	2	-0.472106
7	7	1.90835
7	9	-0.192855
7	14	-0.992845
7	15	-0.250545
8	4	-1.14182
8	8	3.88369
8	9	-0.907049
8	11	-0.300773
8	17	-0.536219
8	18	-0.997824
9	2	-0.431881
9	4	-0.256347
9	7	-0.192855
9	8	-0.907049
9	9	3.59261
9	14	-0.920445
9	16	-0.258455
9	18	-0.206727
9	19	-0.418848
10	5	-0.448355
10	10	1.78654
10	12	-0.4582
10	20	-0.44099
10	21	-0.438994
11	3	-0.201848
11	4	-0.243034
11	6	-1.01121
11	8	-0.300773
11	11	3.81614
11	13	-0.124873
11	17	-1.0439
11	22	-0.890491
12	5	-0.655562
12	6	-0.111308
12	10	-0.4582
12	12	3.5734
12	13	-0.675939
12	21	-0.882635
12	23	-0.454453
12	24	-0.335307
13	6	-1.33742
13	11	-0.124873
13	12	-0.675939
13	13	4.12299
13	22	-0.875351
13	24	-1.10941
14	7	-0.992845
14	9	-0.920445
14	14	3.78837
14	15	-0.415916
14	16	-0.958331
14	25	-0.500829
15	7	-0.250545
15	14	-0.415916
15	15	1.77772
15	25	-0.856958
15	26	-0.254302
16	9	-0.258455
16	14	-0.958331
16	16	3.65282
16	19	-0.664118
16	25	-0.418407
16	27	-0.66619
16	28	-0.687315
17	8	-0.536219
17	11	-1.0439
17	17	3.71179
17	18	-0.632542
17	22	-0.467112
17	29	-0.208066
17	31	-0.823946
18	8	-0.997824
18	9	-0.206727
18	17	-0.632542
18	18	3.73391
18	19	-0.880196
18	31	-0.226335
18	32	-0.790286
19	9	-0.418848
19	16	-0.664118
19	18	-0.880196
19	19	3.81563
19	28	-0.520677
19	30	-1.24912
19	32	-0.0826658
20	10	-0.44099
20	20	1.78166
20	21	-0.463748
20	40	-0.433227
20	41	-0.4437
21	10	-0.438994
21	12	-0.882635
21	20	-0.463748
21	21	3.56525
21	23	-0.452813
21	41	-0.867101
21	42	-0.459956
22	11	-0.890491
22	13	-0.875351
22	17	-0.467112
22	22	3.72578
22	24	-0.473554
22	29	-0.811645
22	47	-0.207631
23	12	-0.454453
23	21	-0.452813
23	23	3.62511
23	24	-0.858376
23	42	-0.840148
23	46	-0.195913
23	48	-0.82341
24	12	-0.335307
24	13	-1.10941
24	22	-0.473554
24	23	-0.858376
24	24	3.78799
24	47	-0.810127
24	48	-0.201216
25	14	-0.500829
25	15	-0.856958
25	16	-0.418407
25	25	3.63719
25	26	-0.49528
25	27	-0.35171
25	49	-1.01401
26	15	-0.254302
26	25	-0.49528
26	26	1.86142
26	49	-0.00416058
26	50	-1.0243
26	51	-0.0833789
27	16	-0.66619
27	25	-0.35171
27	27	3.82648
27	28	-0.789819
27	49	-1.01026
27	52	-1.0085
28	16	-0.687315
28	19	-0.520677
28	27	-0.789819
28	28	3.59524
28	30	-0.335142
28	52	-0.480129
28	53	-0.782155
29	17	-0.208066
29	22	-0.811645
29	29	3.67753
29	31	-0.815097
29	47	-0.827987
29	54	-0.195008
29	55	-0.819729
30	19	-1.24912
30	28	-0.335142
30	30	3.9715
30	32	-0.769003
30	53	-0.43383
30	56	-1.1844
31	17	-0.823946
31	18	-0.226335
31	29	-0.815097
31	31	3.6671
31	32	-0.784372
31	55	-0.195442
31	57	-0.821908
32	18	-0.790286
32	19	-0.0826658
32	30	-0.769003
32	31	-0.784372
32	32	3.61846
32	56	-0.182344
32	57	-0.249338
32	58	-0.760447
33	33	1.81571
33	34	-0.194614
33	76	-0.2657
33	78	-0.396374
33	79	-0.959026
34	33	-0.194614
34	34	1.79243
34	36	-0.219757
34	79	-0.473687
34	80	-0.904369
35	35	1.76643
35	36	-0.236342
35	73	-0.28044
35	81	-0.538659
35	82	-0.710992
36	34	-0.219757
36	35	-0.236342
36	36	1.76274
36	80	-0.512459
36	82	-0.794181
37	37	1.77337
37	38	-0.177769
37	62	-0.703261
37	63	-0.158223
37	86	-0.734117
38	37	-0.177769
38	38	1.76075
38	39	-0.196397
38	86	-0.677767
38	87	-0.708822
39	38	-0.196397
39	39	1.75095
39	87	-0.654634
39	88	-0.214184
39	101	-0.685733
40	20	-0.433227
40	40	1.77674
40	41	-0.469666
40	43	-0.42506
40	103	-0.448789
41	20	-0.4437
41	21	-0.867101
41	40	-0.469666
41	41	3.55539
41	42	-0.458308
41	102	-0.465857
41	103	-0.850763
42	21	-0.459956
42	23	-0.840148
42	41	-0.458308
42	42	3.61347
42	46	-0.810262
42	102	-0.838189
42	104	-0.206603
43	40	-0.42506
43	43	1.77181
43	44	-0.416483
43	103	-0.475978
43	105	-0.454287
44	43	-0.416483
44	44	1.76695
44	45	-0.407672
44	105	-0.482821
44	106	-0.459975
45	44	-0.407672
45	45	1.76211
45	90	-0.39807
45	106	-0.489632
45	107	-0.466733
46	23	-0.195913
46	42	-0.810262
46	46	3.68666
46	48	-0.858205
46	104	-0.830623
46	108	-0.194406
46	109	-0.797255
47	22	-0.207631
47	24	-0.810127
47	29	-0.827987
47	47	3.66955
47	48	-0.784191
47	54	-0.829002
47	110	-0.210613
48	23	-0.82341
48	24	-0.201216
48	46	-0.858205
48	47	-0.784191
48	48	3.68392
48	109	-0.195915
48	110	-0.820982
49	25	-1.01401
49	26	-0.00416058
49	27	-1.01026
49	49	4.05294
49	50	-1.00922
49	52	-0.000286523
49	111	-1.01501
50	26	-1.0243
50	49	-1.00922
50	50	3.83293
50	51	-0.783603
50	111	-0.331343
50	112	-0.684462
51	26	-0.0833789
51	50	-0.783603
51	51	1.80138
51	112	-0.673454
51	113	-0.260949
52	27	-1.0085
52	28	-0.480129
52	49	-0.000286523
52	52	3.68062
52	53	-0.228071
52	111	-0.512521
52	114	-0.659907
52	115	-0.791208
53	28	-0.782155
53	30	-0.43383
53	52	-0.228071
53	53	3.5909
53	56	-0.573914
53	115	-0.780027
53	116	-0.792899
54	29	-0.195008
54	47	-0.829002
54	54	3.6753
54	55	-0.84017
54	110	-0.743312
54	117	-0.219415
54	118	-0.848395
55	29	-0.819729
55	31	-0.195442
55	54	-0.84017
55	55	3.69313
55	57	-0.827282
55	118	-0.182396
55	119	-0.82811
56	30	-1.1844
56	32	-0.182344
56	53	-0.573914
56	56	3.73379
56	58	-0.712522
56	116	-0.320581
56	120	-0.760027
57	31	-0.821908
57	32	-0.249338
57	55	-0.827282
57	57	3.68357
57	58	-0.813633
57	119	-0.149534
57	122	-0.821876
58	32	-0.760447
58	56	-0.712522
58	57	-0.813633
58	58	3.62327
58	120	-0.321129
58	121	-0.816705
58	122	-0.198837
59	59	2.04965
59	60	-0.402119
59	74	-0.369805
59	123	-1.26708
59	124	-0.0106443
60	59	-0.402119
60	60	2.0173
60	61	-0.433817
60	124	-1.17093
60	125	-0.0104399
61	60	-0.433817
61	61	1.99872
61	65	-0.464901
61	125	-1.08977
61	126	-0.010234
62	37	-0.703261
62	62	3.85731
62	63	-1.03224
62	86	-0.317019
62	127	-0.749378
62	128	-1.05541
63	37	-0.158223
63	62	-1.03224
63	63	2.05397
63	64	-0.638482
63	128	-0.225022
64	63	-0.638482
64	64	2.04379
64	66	-0.611089
64	128	-0.00900429
64	129	-0.785214
65	61	-0.464901
65	65	1.99069
65	70	-0.495368
65	126	-1.02039
65	130	-0.0100296
66	64	-0.611089
66	66	2.02486
66	67	-0.0930668
66	68	-0.980025
66	129	-0.00920847
66	131	-0.331468
67	66	-0.0930668
67	67	1.99468
67	68	-0.999343
67	69	-0.554459
67	132	-0.347812
68	66	-0.980025
68	67	-0.999343
68	68	4.05518
68	131	-1.04707
68	132	-1.02874
69	67	-0.554459
69	69	1.99745
69	70	-0.525221
69	132	-0.00961848
69	133	-0.908154
70	65	-0.495368
70	69	-0.525221
70	70	1.99085
70	130	-0.96044
70	133	-0.00982378
71	71	1.88763
71	72	-0.593991
71	75	-0.234299
71	134	-0.66739
71	135	-0.391948
72	71	-0.593991
72	72	1.89652
72	73	-0.548569
72	135	-0.340137
72	136	-0.413827
73	35	-0.28044
73	72	-0.548569
73	73	1.97853
73	81	-1.03213
73	136	-0.117395
74	59	-0.369805
74	74	2.10024
74	75	-0.336875
74	123	-0.0108499
74	138	-1.38271
75	71	-0.234299
75	74	-0.336875
75	75	2.00856
75	134	-1.28798
75	138	-0.149407
76	33	-0.2657
76	76	1.95839
76	77	-0.575013
76	78	-0.950769
76	140	-0.16691
77	76	-0.575013
77	77	1.82316
77	83	-0.271336
77	84	-0.473902
77	85	-0.206668
77	140	-0.296242
78	33	-0.396374
78	76	-0.950769
78	78	3.79665
78	79	-0.636744
78	140	-1.05628
78	141	-0.756477
79	33	-0.959026
79	34	-0.473687
79	78	-0.636744
79	79	3.64539
79	80	-0.442733
79	141	-0.21864
79	142	-0.914565
80	34	-0.904369
80	36	-0.512459
80	79	-0.442733
80	80	3.5578
80	82	-0.37765
80	142	-0.586952
80	143	-0.733636
81	35	-0.538659
81	73	-1.03213
81	81	3.90184
81	82	-0.311159
81	136	-1.0093
81	144	-1.01059
82	35	-0.710992
82	36	-0.794181
82	80	-0.37765
82	81	-0.311159
82	82	3.65492
82	143	-0.476554
82	144	-0.0309309
82	145	-0.953455
83	77	-0.271336
83	83	1.96735
83	84	-1.24366
83	147	-0.269629
83	151	-0.182726
84	77	-0.473902
84	83	-1.24366
84	84	3.98027
84	85	-1.16784
84	150	-0.607455
84	151	-0.487416
85	77	-0.206668
85	84	-1.16784
85	85	3.92535
85	139	-1.03202
85	140	-0.590348
85	150	-0.640902
85	153	-0.287571
86	37	-0.734117
86	38	-0.677767
86	62	-0.317019
86	86	3.54926
86	87	-0.356113
86	127	-0.743455
86	158	-0.720786
87	38	-0.708822
87	39	-0.654634
87	86	-0.356113
87	87	3.52389
87	101	-0.393371
87	158	-0.716056
87	159	-0.694898
88	39	-0.214184
88	88	1.74354
88	89	-0.231191
88	101	-0.63357
88	160	-0.664591
89	88	-0.231191
89	89	1.73817
89	91	-0.247473
89	160	-0.614335
89	161	-0.645169
90	45	-0.39807
90	90	1.75734
90	93	-0.388219
90	107	-0.497552
90	162	-0.4735
91	89	-0.247473
91	91	1.73455
91	92	-0.263077
91	161	-0.596724
91	163	-0.627277
92	91	-0.263077
92	92	1.73243
92	163	-0.580558
92	164	-0.278038
92	165	-0.610756
93	90	-0.388219
93	93	1.75279
93	99	-0.377926
93	162	-0.505725
93	166	-0.480922
94	94	2.26374
94	95	-0.306171
94	164	-0.837564
94	167	-1.12001
95	94	-0.306171
95	95	1.86237
95	96	-0.442826
95	167	-0.815021
95	168	-0.298356
96	95	-0.442826
96	96	1.99115
96	97	-0.453042
96	168	-1.07892
96	169	-0.0163694
97	96	-0.453042
97	97	1.9882
97	98	-0.462951
97	169	-1.05635
97	170	-0.0158579
98	97	-0.462951
98	98	1.98627
98	100	-0.472553
98	170	-1.03541
98	171	-0.015347
99	93	-0.377926
99	99	1.8778
99	100	-0.496678
99	166	-0.763644
99	171	-0.239552
100	98	-0.472553
100	99	-0.496678
100	100	2.00031
100	171	-1.03108
101	39	-0.685733
101	87	-0.393371
101	88	-0.63357
101	101	3.50417
101	159	-0.691185
101	160	-0.428944
101	172	-0.671368
102	41	-0.465857
102	42	-0.838189
102	102	3.59913
102	103	-0.46421
102	104	-0.788857
102	173	-0.223133
102	174	-0.818889
103	40	-0.448789
103	41	-0.850763
103	43	-0.475978
103	102	-0.46421
103	103	3.54552
103	105	-0.833601
103	174	-0.472176
104	42	-0.206603
104	46	-0.830623
104	102	-0.788857
104	104	3.65036
104	108	-0.787212
104	173	-0.792292
104	175	-0.244772
105	43	-0.454287
105	44	-0.482821
105	103	-0.833601
105	105	3.5357
105	106	-0.815629
105	174	-0.470545
105	176	-0.478819
106	44	-0.459975
106	45	-0.489632
106	105	-0.815629
106	106	3.52602
106	107	-0.796746
106	176	-0.477603
106	177	-0.486433
107	45	-0.466733
107	90	-0.497552
107	106	-0.796746
107	107	3.51656
107	162	-0.777057
107	177	-0.484529
107	178	-0.493944
108	46	-0.194406
108	104	-0.787212
108	108	3.64686
108	109	-0.842409
108	175	-0.77027
108	179	-0.266394
108	180	-0.786168
109	46	-0.797255
109	48	-0.195915
109	108	-0.842409
109	109	3.69804
109	110	-0.895852
109	180	-0.182218
109	181	-0.784387
110	47	-0.210613
110	48	-0.820982
110	54	-0.743312
110	109	-0.895852
110	110	3.68563
110	117	-0.818957
110	181	-0.195915
111	49	-1.01501
111	50	-0.331343
111	52	-0.512521
111	111	3.63388
111	112	-0.420928
111	114	-0.842591
111	183	-0.511494
112	50	-0.684462
112	51	-0.673454
112	111	-0.420928
112	112	3.551
112	113	-0.409476
112	183	-0.840926
112	185	-0.521755
113	51	-0.260949
113	112	-0.409476
113	113	1.77358
113	185	-0.83931
113	186	-0.263841
114	52	-0.659907
114	111	-0.842591
114	114	3.61542
114	115	-0.19775
114	183	-0.423865
114	187	-0.675082
114	188	-0.816226
115	52	-0.791208
115	53	-0.780027
115	114	-0.19775
115	115	3.654
115	116	-0.251778
115	188	-0.866761
115	189	-0.766478
116	53	-0.792899
116	56	-0.320581
116	115	-0.251778
116	116	3.60195
116	120	-0.658122
116	189	-0.810578
116	190	-0.767996
117	54	-0.219415
117	110	-0.818957
117	117	3.69284
117	118	-0.704976
117	181	-0.936288
117	184	-0.195914
117	191	-0.817295
118	54	-0.848395
118	55	-0.182396
118	117	-0.704976
118	118	3.68405
118	119	-0.852344
118	191	-0.227675
118	192	-0.868263
119	55	-0.82811
119	57	-0.149534
119	118	-0.852344
119	119	3.78315
119	122	-1.04808
119	192	-0.127037
119	193	-0.778038
120	56	-0.760027
120	58	-0.321129
120	116	-0.658122
120	120	3.52855
120	121	-0.683991
120	190	-0.429926
120	194	-0.675349
121	58	-0.816705
121	120	-0.683991
121	121	3.59726
121	122	-0.698706
121	194	-0.369179
121	195	-0.799616
121	196	-0.229061
122	57	-0.821876
122	58	-0.198837
122	119	-1.04808
122	121	-0.698706
122	122	3.7781
122	193	-0.103624
122	196	-0.906976
123	59	-1.26708
123	74	-0.0108499
123	123	4.0916
123	124	-0.812304
123	138	-0.983716
123	197	-1.01766
124	59	-0.0106443
124	60	-1.17093
124	123	-0.812304
124	124	3.86327
124	125	-0.85182
124	197	-0.19139
124	198	-0.826182
125	60	-0.0104399
125	61	-1.08977
125	124	-0.85182
125	125	3.8555
125	126	-0.878505
125	198	-0.174505
125	199	-0.850458
126	61	-0.010234
126	65	-1.02039
126	125	-0.878505
126	126	3.83944
126	130	-0.917049
126	199	-0.186978
126	200	-0.826287
127	62	-0.749378
127	86	-0.743455
127	127	3.79079
127	128	-0.71508
127	158	-0.560255
127	182	-0.992429
127	201	-0.0301913
128	62	-1.05541
128	63	-0.225022
128	64	-0.00900429
128	127	-0.71508
128	128	4.01619
128	129	-0.775874
128	201	-0.299363
128	202	-0.936439
129	64	-0.785214
129	66	-0.00920847
129	128	-0.775874
129	129	3.98912
129	131	-1.02742
129	202	-1.11593
129	203	-0.00528099
129	204	-0.270196
130	65	-0.0100296
130	70	-0.96044
130	126	-0.917049
130	130	3.84256
130	133	-0.92983
130	200	-0.182889
130	205	-0.842325
131	66	-0.331468
131	68	-1.04707
131	129	-1.02742
131	131	3.904
131	132	-0.476801
131	204	-0.829169
131	206	-0.192069
132	67	-0.347812
132	68	-1.02874
132	69	-0.00961848
132	131	-0.476801
132	132	3.84974
132	133	-0.967295
132	206	-0.819183
132	207	-0.200289
133	69	-0.908154
133	70	-0.00982378
133	130	-0.92983
133	132	-0.967295
133	133	3.83051
133	205	-0.213027
133	207	-0.80238
134	71	-0.66739
134	75	-1.28798
134	134	3.87829
134	135	-0.402386
134	137	-0.929935
134	138	-0.357261
134	209	-0.233345
135	71	-0.391948
135	72	-0.340137
135	134	-0.402386
135	135	3.70172
135	136	-0.830631
135	209	-0.74589
135	210	-0.990724
136	72	-0.413827
136	73	-0.117395
136	81	-1.0093
136	135	-0.830631
136	136	3.69525
136	144	-0.42943
136	210	-0.152876
136	211	-0.741784
137	134	-0.929935
137	137	4.02789
137	138	-0.945002
137	208	-1.1151
137	209	-0.268608
137	212	-0.769238
138	74	-1.38271
138	75	-0.149407
138	123	-0.983716
138	134	-0.357261
138	137	-0.945002
138	138	4.04209
138	197	-0.101125
138	212	-0.12287
139	85	-1.03202
139	139	3.85606
139	140	-0.852688
139	152	-0.993362
139	153	-0.526402
139	213	-0.451587
140	76	-0.16691
140	77	-0.296242
140	78	-1.05628
140	85	-0.590348
140	139	-0.852688
140	140	3.73745
140	141	-0.443994
140	213	-0.330979
141	78	-0.756477
141	79	-0.21864
141	140	-0.443994
141	141	3.64375
141	142	-0.591327
141	213	-0.697845
141	214	-0.935463
142	79	-0.914565
142	80	-0.586952
142	141	-0.591327
142	142	3.57873
142	143	-0.315002
142	214	-0.671591
142	216	-0.499293
143	80	-0.733636
143	82	-0.476554
143	142	-0.315002
143	143	3.72963
143	145	-0.993773
143	216	-0.915851
143	217	-0.294811
144	81	-1.01059
144	82	-0.0309309
144	136	-0.42943
144	144	3.94747
144	145	-1.20413
144	211	-0.194462
144	215	-0.943284
144	217	-0.134645
145	82	-0.953455
145	143	-0.993773
145	144	-1.20413
145	145	4.09498
145	217	-0.943623
146	146	2.0705
146	154	-0.326841
146	220	-1.23652
146	221	-0.507131
147	83	-0.269629
147	147	2.151
147	148	-0.449234
147	151	-1.43115
147	225	-0.000987392
148	147	-0.449234
148	148	1.88872
148	149	-0.489582
148	225	-0.81677
148	228	-0.133132
149	148	-0.489582
149	149	2.02752
149	226	-0.625956
149	228	-0.911987
150	84	-0.607455
150	85	-0.640902
150	150	3.76833
150	151	-0.931167
150	153	-0.466468
150	231	-0.995828
150	232	-0.126509
151	83	-0.182726
151	84	-0.487416
151	147	-1.43115
151	150	-0.931167
151	151	4.07797
151	225	-0.994123
151	232	-0.0513844
152	139	-0.993362
152	152	4.06408
152	153	-1.14467
152	213	-0.175719
152	229	-0.988353
152	230	-0.753658
152	233	-0.00832417
153	85	-0.287571
153	139	-0.526402
153	150	-0.466468
153	152	-1.14467
153	153	3.69357
153	231	-0.627364
153	233	-0.641099
154	146	-0.326841
154	154	1.78093
154	155	-0.3048
154	219	-0.808342
154	220	-0.0705091
154	238	-0.270434
155	154	-0.3048
155	155	1.76679
155	156	-0.345507
155	238	-0.751308
155	239	-0.365173
156	155	-0.345507
156	156	1.79704
156	157	-0.118854
156	239	-0.509773
156	240	-0.822904
157	156	-0.118854
157	157	1.82107
157	234	-0.710661
157	235	-0.129458
157	240	-0.862092
158	86	-0.720786
158	87	-0.716056
158	127	-0.560255
158	158	3.6046
158	159	-0.588384
158	182	-0.214897
158	243	-0.804221
159	87	-0.694898
159	101	-0.691185
159	158	-0.588384
159	159	3.60546
159	172	-0.615574
159	243	-0.192694
159	244	-0.822726
160	88	-0.664591
160	89	-0.614335
160	101	-0.428944
160	160	3.48926
160	161	-0.462958
160	172	-0.668519
160	245	-0.649911
161	89	-0.645169
161	91	-0.596724
161	160	-0.462958
161	161	3.47845
161	163	-0.495526
161	245	-0.647797
161	246	-0.630277
162	90	-0.4735
162	93	-0.505725
162	107	-0.777057
162	162	3.50746
162	166	-0.756463
162	178	-0.492461
162	247	-0.502258
163	91	-0.627277
163	92	-0.580558
163	161	-0.495526
163	163	3.47116
163	165	-0.526731
163	246	-0.628798
163	248	-0.612269
164	92	-0.278038
164	94	-0.837564
164	164	2.2695
164	165	-1.11493
164	167	-0.0179824
164	249	-0.0209835
165	92	-0.610756
165	163	-0.526731
165	164	-1.11493
165	165	4.02315
165	248	-0.611326
165	249	-1.1594
166	93	-0.480922
166	99	-0.763644
166	162	-0.756463
166	166	3.59117
166	171	-0.321474
166	247	-0.50086
166	251	-0.767809
167	94	-1.12001
167	95	-0.815021
167	164	-0.0179824
167	167	4.17635
167	168	-0.221744
167	249	-0.00410599
167	250	-1.14649
167	252	-0.851003
168	95	-0.298356
168	96	-1.07892
168	167	-0.221744
168	168	3.88588
168	169	-0.913178
168	252	-0.282181
168	253	-1.09151
169	96	-0.0163694
169	97	-1.05635
169	168	-0.913178
169	169	3.99053
169	170	-0.932806
169	253	-0.00327162
169	255	-1.06856
170	97	-0.0158579
170	98	-1.03541
170	169	-0.932806
170	170	3.98631
170	171	-0.951822
170	255	-0.00316862
170	256	-1.04724
171	98	-0.015347
171	99	-0.239552
171	100	-1.03108
171	166	-0.321474
171	170	-0.951822
171	171	3.84129
171	251	-0.248526
171	254	-1.03042
171	256	-0.00306689
172	101	-0.671368
172	159	-0.615574
172	160	-0.668519
172	172	3.60757
172	244	-0.173962
172	245	-0.628395
172	257	-0.84975
173	102	-0.223133
173	104	-0.792292
173	173	3.866
173	174	-0.820391
173	175	-1.01483
173	258	-1.01535
174	102	-0.818889
174	103	-0.472176
174	105	-0.470545
174	173	-0.820391
174	174	3.60392
174	176	-0.815903
174	258	-0.206018
175	104	-0.244772
175	108	-0.77027
175	173	-1.01483
175	175	3.81568
175	179	-0.814515
175	258	-0.0551847
175	259	-0.916113
176	105	-0.478819
176	106	-0.477603
176	174	-0.815903
176	176	3.59925
176	177	-0.812303
176	258	-0.808976
176	260	-0.205642
177	106	-0.486433
177	107	-0.484529
177	176	-0.812303
177	177	3.58539
177	178	-0.792219
177	260	-0.788223
177	262	-0.221687
178	107	-0.493944
178	162	-0.492461
178	177	-0.792219
178	178	3.60384
178	247	-0.803155
178	262	-0.838186
178	263	-0.183878
179	108	-0.266394
179	175	-0.814515
179	179	3.60697
179	180	-0.748263
179	259	-0.281492
179	261	-0.676806
179	264	-0.819501
180	108	-0.786168
180	109	-0.182218
180	179	-0.748263
180	180	3.64456
180	181	-0.854186
180	264	-0.288
180	265	-0.785721
181	109	-0.784387
181	110	-0.195915
181	117	-0.936288
181	180	-0.854186
181	181	3.71248
181	184	-0.771664
181	265	-0.170039
182	127	-0.992429
182	158	-0.214897
182	182	3.84867
182	201	-0.991636
182	243	-0.794157
182	266	-0.855557
183	111	-0.511494
183	112	-0.840926
183	114	-0.423865
183	183	3.54693
183	185	-0.415219
183	187	-0.837202
183	267	-0.51822
184	117	-0.195914
184	181	-0.771664
184	184	3.76517
184	191	-0.979833
184	265	-0.886998
184	268	-0.117673
184	269	-0.813091
185	112	-0.521755
185	113	-0.83931
185	183	-0.415219
185	185	3.54748
185	186	-0.407823
185	267	-0.835793
185	270	-0.527583
186	113	-0.263841
186	185	-0.407823
186	186	1.77251
186	270	-0.8344
186	271	-0.266451
187	114	-0.675082
187	183	-0.837202
187	187	3.63023
187	188	-0.172231
187	267	-0.420989
187	272	-0.671774
187	273	-0.852951
188	114	-0.816226
188	115	-0.866761
188	187	-0.172231
188	188	3.70047
188	189	-0.1978
188	273	-0.845575
188	274	-0.801875
189	115	-0.766478
189	116	-0.810578
189	188	-0.1978
189	189	3.6918
189	190	-0.199209
189	274	-0.909343
189	275	-0.808394
190	116	-0.767996
190	120	-0.429926
190	189	-0.199209
190	190	3.59269
190	194	-0.696003
190	275	-0.692108
190	276	-0.807452
191	117	-0.817295
191	118	-0.227675
191	184	-0.979833
191	191	3.70563
191	192	-0.668954
191	269	-0.195915
191	277	-0.815961
192	118	-0.868263
192	119	-0.127037
192	191	-0.668954
192	192	3.75597
192	193	-1.05417
192	277	-0.235446
192	278	-0.802094
193	119	-0.778038
193	122	-0.103624
193	192	-1.05417
193	193	3.74212
193	196	-0.807641
193	278	-0.25516
193	279	-0.743487
194	120	-0.675349
194	121	-0.369179
194	190	-0.696003
194	194	3.52132
194	195	-0.728634
194	276	-0.390224
194	280	-0.661929
195	121	-0.799616
195	194	-0.728634
195	195	3.60079
195	196	-0.661808
195	280	-0.370293
195	281	-0.803468
195	282	-0.236973
196	121	-0.229061
196	122	-0.906976
196	193	-0.807641
196	195	-0.661808
196	196	3.66783
196	279	-0.244467
196	282	-0.817874
197	123	-1.01766
197	124	-0.19139
197	138	-0.101125
197	197	3.82179
197	198	-0.852911
197	212	-0.796732
197	283	-0.861976
198	124	-0.826182
198	125	-0.174505
198	197	-0.852911
198	198	3.70142
198	199	-0.83971
198	283	-0.191444
198	284	-0.816668
199	125	-0.850458
199	126	-0.186978
199	198	-0.83971
199	199	3.70956
199	200	-0.818406
199	284	-0.165678
199	285	-0.848332
200	126	-0.826287
200	130	-0.182889
200	199	-0.818406
200	200	3.68866
200	205	-0.81814
200	285	-0.203078
200	287	-0.839858
201	127	-0.0301913
201	128	-0.299363
201	182	-0.991636
201	201	3.72316
201	202	-0.826762
201	266	-0.136903
201	286	-0.822975
201	288	-0.615329
202	128	-0.936439
202	129	-1.11593
202	201	-0.826762
202	202	4.10877
202	203	-1.22425
202	288	-0.00539634
203	129	-0.00528099
203	202	-1.22425
203	203	4.1431
203	204	-1.1106
203	288	-1.10503
203	289	-0.697938
204	129	-0.270196
204	131	-0.829169
204	203	-1.1106
204	204	3.78924
204	206	-0.850114
204	289	-0.537044
204	290	-0.19212
205	130	-0.842325
205	133	-0.213027
205	200	-0.81814
205	205	3.69487
205	207	-0.799787
205	287	-0.165608
205	291	-0.855985
206	131	-0.192069
206	132	-0.819183
206	204	-0.850114
206	206	3.69044
206	207	-0.82919
206	290	-0.808976
206	292	-0.190907
207	132	-0.200289
207	133	-0.80238
207	205	-0.799787
207	206	-0.82919
207	207	3.66206
207	291	-0.229599
207	292	-0.800816
208	137	-1.1151
208	208	4.2309
208	209	-1.02684
208	212	-0.825774
208	294	-1.26318
209	134	-0.233345
209	135	-0.74589
209	137	-0.268608
209	208	-1.02684
209	209	3.83479
209	210	-0.776745
209	294	-0.624797
209	295	-0.158567
210	135	-0.990724
210	136	-0.152876
210	209	-0.776745
210	210	3.91963
210	211	-1.02519
210	295	-0.974094
211	136	-0.741784
211	144	-0.194462
211	210	-1.02519
211	211	3.78123
211	215	-0.894722
211	218	-0.016556
211	293	-0.814347
211	295	-0.0941661
212	137	-0.769238
212	138	-0.12287
212	197	-0.796732
212	208	-0.825774
212	212	3.79278
212	283	-0.375064
212	294	-0.0768564
212	297	-0.826251
213	139	-0.451587
213	140	-0.330979
213	141	-0.697845
213	152	-0.175719
213	213	3.68628
213	214	-0.12868
213	230	-0.717184
213	298	-1.18429
214	141	-0.935463
214	142	-0.671591
214	213	-0.12868
214	214	3.62933
214	216	-0.595006
214	298	-0.662252
214	300	-0.636339
215	144	-0.943284
215	211	-0.894722
215	215	3.85577
215	217	-0.839013
215	218	-0.981779
215	302	-0.196973
216	142	-0.499293
216	143	-0.915851
216	214	-0.595006
216	216	3.62098
216	217	-0.184971
216	300	-0.67023
216	303	-0.755625
217	143	-0.294811
217	144	-0.134645
217	145	-0.943623
217	215	-0.839013
217	216	-0.184971
217	217	3.70646
217	302	-0.805717
217	303	-0.503685
218	211	-0.016556
218	215	-0.981779
218	218	3.78897
218	293	-0.954945
218	301	-0.722296
218	302	-0.777164
218	304	-0.336228
219	154	-0.808342
219	219	3.81109
219	220	-1.04753
219	238	-1.00356
219	306	-0.508176
219	308	-0.443484
220	146	-1.23652
220	154	-0.0705091
220	219	-1.04753
220	220	4.1395
220	221	-0.0485841
220	307	-1.13925
220	308	-0.564889
220	309	-0.0322062
221	146	-0.507131
221	220	-0.0485841
221	221	1.96374
221	222	-0.438056
221	309	-0.96997
222	221	-0.438056
222	222	1.93095
222	309	-0.0856207
222	311	-0.392908
222	312	-1.01436
223	223	1.74368
223	224	-0.274381
223	310	-0.274341
223	314	-0.714267
223	315	-0.480694
224	223	-0.274381
224	224	1.75147
224	226	-0.165075
224	227	-0.640228
224	315	-0.671785
225	147	-0.000987392
225	148	-0.81677
225	151	-0.994123
225	225	3.9593
225	228	-0.948548
225	232	-1.11411
225	317	-0.084766
226	149	-0.625956
226	224	-0.165075
226	226	2.12071
226	227	-1.1966
226	228	-0.00200803
226	318	-0.131073
227	224	-0.640228
227	226	-1.1966
227	227	3.87129
227	315	-0.516288
227	316	-0.51421
227	318	-1.00397
228	148	-0.133132
228	149	-0.911987
228	225	-0.948548
228	226	-0.00200803
228	228	4.03792
228	317	-1.19057
228	318	-0.851679
229	152	-0.988353
229	229	3.74512
229	230	-0.791546
229	233	-0.618851
229	319	-0.626793
229	321	-0.719579
230	152	-0.753658
230	213	-0.717184
230	229	-0.791546
230	230	3.84225
230	298	-0.00403106
230	299	-1.19156
230	305	-0.123761
230	321	-0.260509
231	150	-0.995828
231	153	-0.627364
231	231	3.90502
231	232	-1.20772
231	233	-0.314229
231	323	-0.759888
232	150	-0.126509
232	151	-0.0513844
232	225	-1.11411
232	231	-1.20772
232	232	4.32585
232	317	-0.00224201
232	322	-1.49268
232	323	-0.331212
233	152	-0.00832417
233	153	-0.641099
233	229	-0.618851
233	231	-0.314229
233	233	3.53321
233	319	-0.755775
233	323	-0.621185
233	324	-0.573747
234	157	-0.710661
234	234	3.95394
234	235	-1.1779
234	240	-0.159598
234	326	-1.03387
234	327	-0.871919
235	157	-0.129458
235	234	-1.1779
235	235	1.97756
235	236	-0.424076
235	326	-0.0357169
235	328	-0.210415
236	235	-0.424076
236	236	1.9131
236	237	-0.450327
236	328	-0.941719
236	329	-0.0969765
237	236	-0.450327
237	237	1.98239
237	241	-0.540009
237	329	-0.965264
237	330	-0.0267886
238	154	-0.270434
238	155	-0.751308
238	219	-1.00356
238	238	3.65647
238	239	-0.706562
238	306	-0.63209
238	331	-0.292523
239	155	-0.365173
239	156	-0.509773
239	238	-0.706562
239	239	3.58628
239	240	-0.820297
239	331	-0.785375
239	332	-0.399098
240	156	-0.822904
240	157	-0.862092
240	234	-0.159598
240	239	-0.820297
240	240	3.84155
240	327	-1.06627
240	332	-0.110397
241	237	-0.540009
241	241	2.0088
241	242	-0.437741
241	330	-1.02992
241	333	-0.00112819
242	241	-0.437741
242	242	1.84518
242	333	-0.82483
242	334	-0.206221
242	335	-0.376383
243	158	-0.804221
243	159	-0.192694
243	182	-0.794157
243	243	3.66628
243	244	-0.857208
243	266	-0.232251
243	337	-0.785748
244	159	-0.822726
244	172	-0.173962
244	243	-0.857208
244	244	3.68987
244	257	-0.815657
244	337	-0.210737
244	338	-0.809583
245	160	-0.649911
245	161	-0.647797
245	172	-0.628395
245	245	3.58563
245	246	-0.64066
245	257	-0.19701
245	339	-0.821855
246	161	-0.630277
246	163	-0.628798
246	245	-0.64066
246	246	3.57699
246	248	-0.651775
246	339	-0.202229
246	340	-0.823253
247	162	-0.502258
247	166	-0.50086
247	178	-0.803155
247	247	3.59593
247	251	-0.782297
247	263	-0.818329
247	341	-0.189028
248	163	-0.612269
248	165	-0.611326
248	246	-0.651775
248	248	3.57916
248	249	-0.676296
248	340	-0.193196
248	342	-0.834303
249	164	-0.0209835
249	165	-1.1594
249	167	-0.00410599
249	248	-0.676296
249	249	4.14714
249	250	-1.27394
249	342	-0.188106
249	344	-0.824308
250	167	-1.14649
250	249	-1.27394
250	250	4.14293
250	252	-0.71701
250	343	-0.824366
250	344	-0.181125
251	166	-0.767809
251	171	-0.248526
251	247	-0.782297
251	251	3.71864
251	254	-0.89623
251	341	-0.829278
251	345	-0.194502
252	167	-0.851003
252	168	-0.282181
252	250	-0.71701
252	252	3.72783
252	253	-0.876448
252	343	-0.181138
252	346	-0.820045
253	168	-1.09151
253	169	-0.00327162
253	252	-0.876448
253	253	3.86141
253	255	-0.881156
253	346	-0.173609
253	348	-0.835412
254	171	-1.03042
254	251	-0.89623
254	254	3.85133
254	256	-0.904799
254	345	-0.836258
254	349	-0.183617
255	169	-1.06856
255	170	-0.00316862
255	253	-0.881156
255	255	3.8521
255	256	-0.870741
255	348	-0.183638
255	350	-0.844839
256	170	-1.04724
256	171	-0.00306689
256	254	-0.904799
256	255	-0.870741
256	256	3.834
256	349	-0.798411
256	350	-0.209742
257	172	-0.84975
257	244	-0.815657
257	245	-0.19701
257	257	3.68226
257	338	-0.201748
257	339	-0.787628
257	351	-0.830465
258	173	-1.01535
258	174	-0.206018
258	175	-0.0551847
258	176	-0.808976
258	258	3.70588
258	259	-0.387591
258	260	-0.834156
258	353	-0.398597
259	175	-0.916113
259	179	-0.281492
259	258	-0.387591
259	259	3.63939
259	261	-0.834861
259	353	-0.548546
259	354	-0.670785
260	176	-0.205642
260	177	-0.788223
260	258	-0.834156
260	260	3.68636
260	262	-0.79588
260	353	-0.873892
260	355	-0.188571
261	179	-0.676806
261	259	-0.834861
261	261	3.59597
261	264	-0.27975
261	352	-0.78012
261	354	-0.298775
261	356	-0.725654
262	177	-0.221687
262	178	-0.838186
262	260	-0.79588
262	262	3.69228
262	263	-0.818804
262	355	-0.855221
262	357	-0.162506
263	178	-0.183878
263	247	-0.818329
263	262	-0.818804
263	263	3.68456
263	341	-0.819039
263	357	-0.835282
263	358	-0.209232
264	179	-0.819501
264	180	-0.288
264	261	-0.27975
264	264	3.59577
264	265	-0.726275
264	352	-0.716557
264	359	-0.765687
265	180	-0.785721
265	181	-0.170039
265	184	-0.886998
265	264	-0.726275
265	265	3.75717
265	268	-1.02436
265	359	-0.16378
266	182	-0.855557
266	201	-0.136903
266	243	-0.232251
266	266	3.70378
266	286	-0.847379
266	337	-0.776549
266	361	-0.85514
267	183	-0.51822
267	185	-0.835793
267	187	-0.420989
267	267	3.54478
267	270	-0.41308
267	272	-0.832316
267	363	-0.524378
268	184	-0.117673
268	265	-1.02436
268	268	3.81215
268	269	-0.6338
268	359	-1.01549
268	364	-0.195521
268	365	-0.825308
269	184	-0.813091
269	191	-0.195915
269	268	-0.6338
269	269	3.72113
269	277	-1.02686
269	365	-0.239579
269	366	-0.811883
270	185	-0.527583
270	186	-0.8344
270	267	-0.41308
270	270	3.54545
270	271	-0.406402
270	363	-0.831139
270	368	-0.532844
271	186	-0.266451
271	270	-0.406402
271	271	1.77158
271	368	-0.829952
271	369	-0.268779
272	187	-0.671774
272	267	-0.832316
272	272	3.61906
272	273	-0.188053
272	363	-0.418361
272	367	-0.667858
272	371	-0.840698
273	187	-0.852951
273	188	-0.845575
273	272	-0.188053
273	273	3.71427
273	274	-0.158839
273	371	-0.800984
273	372	-0.86787
274	188	-0.801875
274	189	-0.909343
274	273	-0.158839
274	274	3.71453
274	275	-0.1978
274	372	-0.858969
274	373	-0.787704
275	189	-0.808394
275	190	-0.692108
275	274	-0.1978
275	275	3.69079
275	276	-0.230454
275	370	-0.806564
275	373	-0.955472
276	190	-0.807452
276	194	-0.390224
276	275	-0.230454
276	276	3.60616
276	280	-0.769134
276	370	-0.57257
276	374	-0.836328
277	191	-0.815961
277	192	-0.235446
277	269	-1.02686
277	277	3.72415
277	278	-0.635042
277	366	-0.195915
277	375	-0.814928
278	192	-0.802094
278	193	-0.25516
278	277	-0.635042
278	278	3.65868
278	279	-0.814287
278	375	-0.242766
278	376	-0.909334
279	193	-0.743487
279	196	-0.244467
279	278	-0.814287
279	279	3.72451
279	282	-1.03201
279	376	-0.144619
279	377	-0.745639
280	194	-0.661929
280	195	-0.370293
280	276	-0.769134
280	280	3.66659
280	281	-1.00458
280	374	-0.523993
280	378	-0.33666
281	195	-0.803468
281	280	-1.00458
281	281	3.75067
281	282	-0.627141
281	378	-0.2442
281	379	-0.888735
281	380	-0.182542
282	195	-0.236973
282	196	-0.817874
282	279	-1.03201
282	281	-0.627141
282	282	3.72743
282	377	-0.196546
282	380	-0.81689
283	197	-0.861976
283	198	-0.191444
283	212	-0.375064
283	283	3.65871
283	284	-0.879691
283	297	-0.496686
283	389	-0.853849
284	198	-0.816668
284	199	-0.165678
284	283	-0.879691
284	284	3.70925
284	285	-0.848538
284	389	-0.191444
284	390	-0.807228
285	199	-0.848332
285	200	-0.203078
285	284	-0.848538
285	285	3.7057
285	287	-0.802321
285	390	-0.156858
285	391	-0.846572
286	201	-0.822975
286	266	-0.847379
286	286	3.64161
286	288	-0.477548
286	361	-0.119965
286	362	-0.847489
286	392	-0.526251
287	200	-0.839858
287	205	-0.165608
287	285	-0.802321
287	287	3.69172
287	291	-0.811183
287	391	-0.219171
287	393	-0.853577
288	201	-0.615329
288	202	-0.00539634
288	203	-1.10503
288	286	-0.477548
288	288	3.72697
288	289	-0.535931
288	392	-0.813647
288	394	-0.174085
289	203	-0.697938
289	204	-0.537044
289	288	-0.535931
289	289	3.65566
289	290	-0.878297
289	394	-0.814326
289	395	-0.19212
290	204	-0.19212
290	206	-0.808976
290	289	-0.878297
290	290	3.69833
290	292	-0.83837
290	395	-0.799012
290	396	-0.181553
291	205	-0.855985
291	207	-0.229599
291	287	-0.811183
291	291	3.69868
291	292	-0.782985
291	393	-0.149141
291	397	-0.869785
292	206	-0.190907
292	207	-0.800816
292	290	-0.83837
292	291	-0.782985
292	292	3.65895
292	396	-0.799669
292	397	-0.246199
293	211	-0.814347
293	218	-0.954945
293	293	3.70979
293	295	-0.491359
293	296	-0.858687
293	301	-0.415032
293	398	-0.175424
294	208	-1.26318
294	209	-0.624797
294	212	-0.0768564
294	294	3.89029
294	295	-0.614347
294	297	-0.165091
294	399	-0.603491
294	401	-0.542536
295	209	-0.158567
295	210	-0.974094
295	211	-0.0941661
295	293	-0.491359
295	294	-0.614347
295	295	3.66845
295	296	-0.367271
295	401	-0.0608817
295	402	-0.907761
296	293	-0.858687
296	295	-0.367271
296	296	3.88938
296	398	-1.24429
296	400	-0.665201
296	402	-0.753929
297	212	-0.826251
297	283	-0.496686
297	294	-0.165091
297	297	3.8565
297	389	-0.119901
297	399	-1.07388
297	403	-1.07615
297	404	-0.0985419
298	213	-1.18429
298	214	-0.662252
298	230	-0.00403106
298	298	3.76215
298	299	-0.723875
298	300	-0.582789
298	405	-0.604915
299	230	-1.19156
299	298	-0.723875
299	299	3.80229
299	305	-0.795196
299	405	-0.614245
299	406	-0.477413
300	214	-0.636339
300	216	-0.67023
300	298	-0.582789
300	300	3.50963
300	303	-0.39186
300	405	-0.585875
300	407	-0.642534
301	218	-0.722296
301	293	-0.415032
301	301	3.94803
301	304	-0.715319
301	398	-1.43753
301	408	-0.657848
302	215	-0.196973
302	217	-0.805717
302	218	-0.777164
302	302	3.93819
302	303	-1.1049
302	304	-1.04536
302	409	-0.00808526
303	216	-0.755625
303	217	-0.503685
303	300	-0.39186
303	302	-1.1049
303	303	3.69786
303	407	-0.58844
303	409	-0.35335
304	218	-0.336228
304	301	-0.715319
304	302	-1.04536
304	304	3.85346
304	408	-0.764382
304	409	-0.992172
305	230	-0.123761
305	299	-0.795196
305	305	3.77051
305	320	-0.314511
305	321	-1.10968
305	406	-0.847791
305	410	-0.579571
306	219	-0.508176
306	238	-0.63209
306	306	3.58896
306	308	-0.619268
306	331	-0.760461
306	411	-0.222314
306	412	-0.846648
307	220	-1.13925
307	307	4.13249
307	308	-0.871408
307	309	-1.28864
307	313	-0.538709
307	413	-0.294485
308	219	-0.443484
308	220	-0.564889
308	306	-0.619268
308	307	-0.871408
308	308	3.64922
308	412	-0.241702
308	413	-0.908472
309	220	-0.0322062
309	221	-0.96997
309	222	-0.0856207
309	307	-1.28864
309	309	4.02825
309	312	-0.91739
309	313	-0.730572
309	416	-0.00385769
310	223	-0.274341
310	310	1.90717
310	311	-0.554412
310	314	-0.825085
310	417	-0.253334
311	222	-0.392908
311	310	-0.554412
311	311	1.84293
311	312	-0.293244
311	417	-0.60237
312	222	-1.01436
312	309	-0.91739
312	311	-0.293244
312	312	3.84575
312	416	-0.996507
312	417	-0.624245
313	307	-0.538709
313	309	-0.730572
313	313	3.73343
313	413	-0.482298
313	415	-0.974657
313	416	-0.913809
313	418	-0.0933854
314	223	-0.714267
314	310	-0.825085
314	314	3.60814
314	315	-0.548722
314	417	-0.303436
314	419	-0.653225
314	420	-0.563399
315	223	-0.480694
315	224	-0.671785
315	227	-0.516288
315	314	-0.548722
315	315	3.48676
315	316	-0.550994
315	420	-0.71828
316	227	-0.51421
316	315	-0.550994
316	316	3.66015
316	318	-0.627769
316	420	-0.511828
316	421	-0.271362
316	422	-1.18399
317	225	-0.084766
317	228	-1.19057
317	232	-0.00224201
317	317	3.90839
317	318	-0.604232
317	322	-0.907681
317	325	-0.229469
317	423	-0.889428
318	226	-0.131073
318	227	-1.00397
318	228	-0.851679
318	316	-0.627769
318	317	-0.604232
318	318	3.7507
318	422	-0.231683
318	423	-0.30029
319	229	-0.626793
319	233	-0.755775
319	319	3.50589
319	321	-0.475092
319	324	-0.653156
319	424	-0.540931
319	426	-0.454143
320	305	-0.314511
320	320	3.56217
320	321	-0.593533
320	410	-0.712128
320	414	-0.510633
320	425	-0.497617
320	426	-0.933749
321	229	-0.719579
321	230	-0.260509
321	305	-1.10968
321	319	-0.475092
321	320	-0.593533
321	321	3.66789
321	426	-0.509501
322	232	-1.49268
322	317	-0.907681
322	322	4.16639
322	323	-0.516082
322	325	-1.06319
322	427	-0.186762
323	231	-0.759888
323	232	-0.331212
323	233	-0.621185
323	322	-0.516082
323	323	3.53661
323	324	-0.599212
323	427	-0.709031
324	233	-0.573747
324	319	-0.653156
324	323	-0.599212
324	324	3.59515
324	424	-0.687025
324	427	-0.216232
324	428	-0.865775
325	317	-0.229469
325	322	-1.06319
325	325	3.92699
325	423	-0.533314
325	427	-1.07565
325	430	-1.02536
326	234	-1.03387
326	235	-0.0357169
326	326	3.99016
326	327	-0.0832665
326	328	-1.14271
326	431	-0.756916
326	432	-0.937691
327	234	-0.871919
327	240	-1.06627
327	326	-0.0832665
327	327	3.95027
327	332	-1.0258
327	432	-0.903021
328	235	-0.210415
328	236	-0.941719
328	326	-1.14271
328	328	3.93707
328	329	-0.926892
328	431	-0.670019
328	433	-0.0453161
329	236	-0.0969765
329	237	-0.965264
329	328	-0.926892
329	329	3.72565
329	330	-0.576243
329	433	-0.771863
329	434	-0.38841
330	237	-0.0267886
330	241	-1.02992
330	329	-0.576243
330	330	3.83093
330	333	-1.16625
330	434	-0.566672
330	435	-0.465057
331	238	-0.292523
331	239	-0.785375
331	306	-0.760461
331	331	3.57489
331	332	-0.402201
331	411	-0.776558
331	436	-0.557774
332	239	-0.399098
332	240	-0.110397
332	327	-1.0258
332	331	-0.402201
332	332	3.7939
332	432	-0.0813735
332	436	-0.886009
332	437	-0.889025
333	241	-0.00112819
333	242	-0.82483
333	330	-1.16625
333	333	3.88636
333	334	-1.06991
333	435	-0.462798
333	441	-0.361446
334	242	-0.206221
334	333	-1.06991
334	334	3.8444
334	335	-0.849561
334	441	-0.421101
334	442	-1.03534
334	443	-0.262263
335	242	-0.376383
335	334	-0.849561
335	335	1.87471
335	336	-0.482417
335	443	-0.166348
336	335	-0.482417
336	336	1.86343
336	439	-0.412015
336	443	-0.796814
336	444	-0.172179
337	243	-0.785748
337	244	-0.210737
337	266	-0.776549
337	337	3.64548
337	338	-0.82131
337	361	-0.249642
337	446	-0.801494
338	244	-0.809583
338	257	-0.201748
338	337	-0.82131
338	338	3.69212
338	351	-0.876996
338	446	-0.18192
338	447	-0.800559
339	245	-0.821855
339	246	-0.202229
339	257	-0.787628
339	339	3.67615
339	340	-0.822738
339	351	-0.204583
339	448	-0.83712
340	246	-0.823253
340	248	-0.193196
340	339	-0.822738
340	340	3.68889
340	342	-0.845406
340	448	-0.192076
340	449	-0.812225
341	247	-0.189028
341	251	-0.829278
341	263	-0.819039
341	341	3.69044
341	345	-0.851064
341	358	-0.807453
341	450	-0.194576
342	248	-0.834303
342	249	-0.188106
342	340	-0.845406
342	342	3.69159
342	344	-0.816298
342	449	-0.193215
342	451	-0.81426
343	250	-0.824366
343	252	-0.181138
343	343	3.88919
343	344	-0.841637
343	346	-0.717101
343	347	-1.26837
343	452	-0.0565778
344	249	-0.824308
344	250	-0.181125
344	342	-0.816298
344	343	-0.841637
344	344	3.68725
344	451	-0.206484
344	452	-0.817402
345	251	-0.194502
345	254	-0.836258
345	341	-0.851064
345	345	3.70875
345	349	-0.821481
345	450	-0.842641
345	453	-0.1628
346	252	-0.820045
346	253	-0.173609
346	343	-0.717101
346	346	3.65563
346	347	-0.314497
346	348	-0.857983
346	455	-0.772391
347	343	-1.26837
347	346	-0.314497
347	347	3.98121
347	452	-0.769289
347	454	-1.17426
347	455	-0.454796
348	253	-0.835412
348	255	-0.183638
348	346	-0.857983
348	348	3.71414
348	350	-0.813397
348	455	-0.162975
348	456	-0.860734
349	254	-0.183617
349	256	-0.798411
349	345	-0.821481
349	349	3.66811
349	350	-0.82638
349	453	-0.796065
349	457	-0.242152
350	255	-0.844839
350	256	-0.209742
350	348	-0.813397
350	349	-0.82638
350	350	3.69948
350	456	-0.163431
350	457	-0.841685
351	257	-0.830465
351	338	-0.876996
351	339	-0.204583
351	351	3.68779
351	447	-0.192611
351	448	-0.75442
351	458	-0.828715
352	261	-0.78012
352	264	-0.716557
352	352	3.76037
352	356	-0.221951
352	359	-0.230051
352	360	-1.16409
352	459	-0.647603
353	258	-0.398597
353	259	-0.548546
353	260	-0.873892
353	353	3.68347
353	354	-0.782969
353	355	-0.8845
353	460	-0.194961
354	259	-0.670785
354	261	-0.298775
354	353	-0.782969
354	354	3.70737
354	356	-0.856546
354	460	-0.988005
354	461	-0.110293
355	260	-0.188571
355	262	-0.855221
355	353	-0.8845
355	355	3.73224
355	357	-0.810059
355	460	-0.851509
355	462	-0.142383
356	261	-0.725654
356	352	-0.221951
356	354	-0.856546
356	356	3.65456
356	459	-0.719443
356	461	-0.877592
356	463	-0.253376
357	262	-0.162506
357	263	-0.835282
357	355	-0.810059
357	357	3.65768
357	358	-0.755923
357	462	-0.794323
357	464	-0.299582
358	263	-0.209232
