Matrix Dimension= 641
List of nonzero entries: I , J , A(I,J)
0	0	1.73084
0	1	-0.33856
0	3	-0.298785
0	5	-0.499961
0	6	-0.593534
1	0	-0.33856
1	1	1.73951
1	6	-0.468979
1	7	-0.374113
1	8	-0.557855
2	2	1.76532
2	4	-0.203995
2	9	-0.756381
2	10	-0.146775
2	12	-0.658173
3	0	-0.298785
3	3	2.19871
3	4	-0.768832
3	5	-1.12878
3	16	-0.00231747
4	2	-0.203995
4	3	-0.768832
4	4	2.13305
4	9	-0.981591
4	15	-0.154852
4	16	-0.0237785
5	0	-0.499961
5	3	-1.12878
5	5	3.99022
5	6	-0.602442
5	16	-1.17221
5	18	-0.586824
6	0	-0.593534
6	1	-0.468979
6	5	-0.602442
6	6	3.47708
6	8	-0.682066
6	14	-0.544263
6	18	-0.585796
7	1	-0.374113
7	7	1.75241
7	8	-0.444527
7	19	-0.405839
7	20	-0.527934
8	1	-0.557855
8	6	-0.682066
8	7	-0.444527
8	8	3.49413
8	14	-0.546181
8	20	-0.75328
8	21	-0.51022
9	2	-0.756381
9	4	-0.981591
9	9	3.96168
9	12	-0.298403
9	15	-1.1442
9	22	-0.7811
10	2	-0.146775
10	10	1.9618
10	11	-0.531765
10	12	-0.996344
10	24	-0.28692
11	10	-0.531765
11	11	1.97045
11	13	-0.442744
11	23	-0.967166
11	24	-0.0287708
12	2	-0.658173
12	9	-0.298403
12	10	-0.996344
12	12	3.82995
12	22	-0.805636
12	24	-1.0714
13	11	-0.442744
13	13	2.00819
13	23	-0.0304436
13	26	-0.348691
13	29	-1.18631
14	6	-0.544263
14	8	-0.546181
14	14	3.72733
14	17	-0.0434962
14	18	-0.849647
14	21	-0.430745
14	30	-1.02606
14	31	-0.286931
15	4	-0.154852
15	9	-1.1442
15	15	4.20664
15	16	-1.2129
15	22	-0.53492
15	25	-0.0434961
15	34	-1.11626
16	3	-0.00231747
16	4	-0.0237785
16	5	-1.17221
16	15	-1.2129
16	16	4.19288
16	18	-0.750765
16	34	-0.0434962
16	35	-0.987398
17	14	-0.0434962
17	17	3.73029
17	18	-0.884309
17	31	-0.761777
17	32	-0.534826
17	33	-0.798255
17	35	-0.707626
18	5	-0.586824
18	6	-0.585796
18	14	-0.849647
18	16	-0.750765
18	17	-0.884309
18	18	3.70084
18	35	-0.0434963
19	7	-0.405839
19	19	1.76764
19	20	-0.425194
19	36	-0.434022
19	37	-0.502583
20	7	-0.527934
20	8	-0.75328
20	19	-0.425194
20	20	3.51992
20	21	-0.513974
20	37	-0.816865
20	38	-0.482669
21	8	-0.51022
21	14	-0.430745
21	20	-0.513974
21	21	3.57499
21	30	-0.83839
21	38	-0.511093
21	39	-0.770568
22	9	-0.7811
22	12	-0.805636
22	15	-0.53492
22	22	3.82064
22	24	-0.383961
22	25	-1.22288
22	40	-0.0921413
23	11	-0.967166
23	13	-0.0304436
23	23	3.73689
23	24	-0.805681
23	28	-0.653284
23	29	-0.594002
23	41	-0.686316
24	10	-0.28692
24	11	-0.0287708
24	12	-1.0714
24	22	-0.383961
24	23	-0.805681
24	24	3.82404
24	40	-0.91788
24	41	-0.329428
25	15	-0.0434961
25	22	-1.22288
25	25	4.01733
25	34	-0.792918
25	40	-0.884807
25	42	-0.0337444
25	43	-1.03949
26	13	-0.348691
26	26	1.83598
26	27	-0.400509
26	29	-0.205115
26	45	-0.881667
27	26	-0.400509
27	27	1.96845
27	44	-1.19584
27	45	-0.165561
27	47	-0.206541
28	23	-0.653284
28	28	3.86382
28	29	-1.19084
28	41	-0.543254
28	52	-0.463745
28	53	-1.0127
29	13	-1.18631
29	23	-0.594002
29	26	-0.205115
29	28	-1.19084
29	29	4.01831
29	45	-0.793885
29	53	-0.0481535
30	14	-1.02606
30	21	-0.83839
30	30	3.84355
30	31	-1.02755
30	39	-0.26368
30	54	-0.687865
31	14	-0.286931
31	17	-0.761777
31	30	-1.02755
31	31	3.75947
31	32	-0.818338
31	54	-0.396928
31	55	-0.467948
32	17	-0.534826
32	31	-0.818338
32	32	3.52863
32	33	-0.429887
32	55	-0.53717
32	56	-0.455152
32	57	-0.753264
33	17	-0.798255
33	32	-0.429887
33	33	3.93572
33	35	-0.511169
33	57	-0.831814
33	58	-1.3646
34	15	-1.11626
34	16	-0.0434962
34	25	-0.792918
34	34	3.96315
34	35	-0.903789
34	42	-1.07294
34	58	-0.0337445
35	16	-0.987398
35	17	-0.707626
35	18	-0.0434963
35	33	-0.511169
35	34	-0.903789
35	35	3.7623
35	58	-0.608823
36	19	-0.434022
36	36	1.7838
36	37	-0.40997
36	60	-0.458865
36	61	-0.480944
37	19	-0.502583
37	20	-0.816865
37	36	-0.40997
37	37	3.5505
37	38	-0.487495
37	59	-0.460206
37	61	-0.873379
38	20	-0.482669
38	21	-0.511093
38	37	-0.487495
38	38	3.74041
38	39	-1.13223
38	59	-0.784273
38	62	-0.335558
38	63	-0.0070987
39	21	-0.770568
39	30	-0.26368
39	38	-1.13223
39	39	3.93044
39	54	-0.799132
39	63	-0.964832
40	22	-0.0921413
40	24	-0.91788
40	25	-0.884807
40	40	3.85258
40	41	-1.06902
40	43	-0.592961
40	67	-0.295771
41	23	-0.686316
41	24	-0.329428
41	28	-0.543254
41	40	-1.06902
41	41	3.64622
41	52	-0.641006
41	67	-0.377193
42	25	-0.0337444
42	34	-1.07294
42	42	3.92074
42	43	-0.794096
42	58	-0.907538
42	68	-1.03273
42	69	-0.0796976
43	25	-1.03949
43	40	-0.592961
43	42	-0.794096
43	43	3.94962
43	67	-0.331426
43	69	-1.19165
44	27	-1.19584
44	44	4.03808
44	45	-0.668951
44	47	-0.308504
44	49	-0.740649
44	72	-1.12413
45	26	-0.881667
45	27	-0.165561
45	29	-0.793885
45	44	-0.668951
45	45	3.60699
45	53	-0.546714
45	71	-0.514664
45	72	-0.0355452
46	46	2.00819
46	66	-0.442744
46	73	-0.0304437
46	74	-1.18631
46	75	-0.348691
47	27	-0.206541
47	44	-0.308504
47	47	1.83614
47	48	-0.394995
47	49	-0.916045
47	76	-0.0100603
48	47	-0.394995
48	48	1.75727
48	50	-0.205923
48	76	-0.675684
48	77	-0.480666
49	44	-0.740649
49	47	-0.916045
49	49	4.08841
49	72	-1.00557
49	76	-1.31427
49	78	-0.111874
50	48	-0.205923
50	50	2.15899
50	51	-0.540901
50	77	-1.36649
50	79	-0.0456755
51	50	-0.540901
51	51	2.1814
51	75	-0.228646
51	79	-1.41185
52	28	-0.463745
52	41	-0.641006
52	52	3.6832
52	53	-0.775481
52	67	-0.531273
52	80	-0.943823
52	81	-0.327876
53	28	-1.0127
53	29	-0.0481535
53	45	-0.546714
53	52	-0.775481
53	53	3.86993
53	70	-1.11555
53	71	-0.36701
53	81	-0.00432636
54	30	-0.687865
54	31	-0.396928
54	39	-0.799132
54	54	3.54449
54	55	-0.740297
54	63	-0.487977
54	83	-0.432294
55	31	-0.467948
55	32	-0.53717
55	54	-0.740297
55	55	3.49816
55	56	-0.507747
55	83	-0.661863
55	84	-0.583138
56	32	-0.455152
56	55	-0.507747
56	56	3.78558
56	57	-0.842372
56	84	-1.00573
56	85	-0.974575
57	32	-0.753264
57	33	-0.831814
57	56	-0.842372
57	57	3.92635
57	58	-0.0834347
57	85	-0.187798
57	86	-1.22442
57	87	-0.00324941
58	33	-1.3646
58	34	-0.0337445
58	35	-0.608823
58	42	-0.907538
58	57	-0.0834347
58	58	4.07287
58	68	-0.0796976
58	87	-0.995031
59	37	-0.460206
59	38	-0.784273
59	59	3.85262
59	61	-0.465559
59	62	-1.31922
59	88	-0.823356
60	36	-0.458865
60	60	1.91248
60	61	-0.1713
60	89	-1.02464
60	90	-0.257667
61	36	-0.480944
61	37	-0.873379
61	59	-0.465559
61	60	-0.1713
61	61	3.57762
61	88	-0.436275
61	89	-0.907282
61	91	-0.24288
62	38	-0.335558
62	59	-1.31922
62	62	4.09148
62	63	-0.422551
62	88	-0.0164208
62	92	-0.741688
62	93	-1.25604
63	38	-0.0070987
63	39	-0.964832
63	54	-0.487977
63	62	-0.422551
63	63	3.77273
63	83	-0.865738
63	93	-0.814396
63	94	-0.210139
64	64	2.0023
64	65	-0.397476
64	95	-0.442308
64	96	-0.013913
64	101	-1.1486
65	64	-0.397476
65	65	1.84566
65	66	-0.531765
65	101	-0.236621
65	102	-0.6798
66	46	-0.442744
66	65	-0.531765
66	66	1.97045
66	73	-0.967166
66	102	-0.0287709
67	40	-0.295771
67	41	-0.377193
67	43	-0.331426
67	52	-0.531273
67	67	3.47203
67	69	-0.566014
67	80	-0.650769
67	103	-0.719582
68	42	-1.03273
68	58	-0.0796976
68	68	3.78006
68	69	-0.699387
68	87	-0.893658
68	104	-0.344971
68	105	-0.72962
69	42	-0.0796976
69	43	-1.19165
69	67	-0.566014
69	68	-0.699387
69	69	3.7235
69	103	-0.552316
69	105	-0.634435
70	53	-1.11555
70	70	4.00744
70	71	-0.855649
70	81	-0.909774
70	82	-1.09256
70	106	-0.0339096
71	45	-0.514664
71	53	-0.36701
71	70	-0.855649
71	71	3.88779
71	72	-1.20609
71	106	-0.944378
72	44	-1.12413
72	45	-0.0355452
72	49	-1.00557
72	71	-1.20609
72	72	4.23901
72	78	-0.811471
72	106	-0.0562036
73	46	-0.0304437
73	66	-0.967166
73	73	3.75139
73	74	-0.628173
73	102	-0.839299
73	107	-0.730041
73	108	-0.556266
74	46	-1.18631
74	73	-0.628173
74	74	3.88732
74	75	-0.421892
74	108	-0.88751
74	109	-0.76343
75	46	-0.348691
75	51	-0.228646
75	74	-0.421892
75	75	1.7797
75	79	-0.64849
75	109	-0.131983
76	47	-0.0100603
76	48	-0.675684
76	49	-1.31427
76	76	3.80535
76	77	-0.626387
76	78	-0.628452
76	111	-0.550496
77	48	-0.480666
77	50	-1.36649
77	76	-0.626387
77	77	3.90395
77	79	-0.037185
77	111	-0.556705
77	112	-0.836514
78	49	-0.111874
78	72	-0.811471
78	76	-0.628452
78	78	3.70042
78	106	-0.0650265
78	110	-0.906712
78	111	-0.528314
78	113	-0.648569
79	50	-0.0456755
79	51	-1.41185
79	75	-0.64849
79	77	-0.037185
79	79	4.06374
79	109	-0.837751
79	112	-0.957376
79	114	-0.125415
80	52	-0.943823
80	67	-0.650769
80	80	3.8218
80	81	-1.1222
80	103	-0.310256
80	115	-0.794747
81	52	-0.327876
81	53	-0.00432636
81	70	-0.909774
81	80	-1.1222
81	81	3.9694
81	82	-0.0694193
81	115	-0.497917
81	116	-1.03789
82	70	-1.09256
82	81	-0.0694193
82	82	3.95506
82	106	-0.987621
82	116	-0.862568
82	117	-0.942892
83	54	-0.432294
83	55	-0.661863
83	63	-0.865738
83	83	3.58525
83	84	-0.362889
83	94	-0.482583
83	118	-0.779886
84	55	-0.583138
84	56	-1.00573
84	83	-0.362889
84	84	3.79043
84	85	-0.0162727
84	118	-0.806834
84	119	-1.01557
85	56	-0.974575
85	57	-0.187798
85	84	-0.0162727
85	85	3.93736
85	86	-0.906473
85	119	-0.734529
85	120	-1.11771
86	57	-1.22442
86	85	-0.906473
86	86	4.1108
86	87	-1.08244
86	120	-0.0164652
86	122	-0.880997
87	57	-0.00324941
87	58	-0.995031
87	68	-0.893658
87	86	-1.08244
87	87	3.96112
87	104	-0.925723
87	122	-0.061019
88	59	-0.823356
88	61	-0.436275
88	62	-0.0164208
88	88	3.81471
88	91	-0.678996
88	92	-1.21595
88	124	-0.643714
89	60	-1.02464
89	61	-0.907282
89	89	3.80361
89	90	-0.382015
89	91	-0.973619
89	125	-0.516052
90	60	-0.257667
90	89	-0.382015
90	90	1.77854
90	125	-0.867996
90	126	-0.270866
91	61	-0.24288
91	88	-0.678996
91	89	-0.973619
91	91	3.66082
91	124	-0.855773
91	125	-0.410335
91	127	-0.499215
92	62	-0.741688
92	88	-1.21595
92	92	4.00806
92	93	-0.0705714
92	124	-0.0164208
92	128	-0.795838
92	129	-1.1676
93	62	-1.25604
93	63	-0.814396
93	92	-0.0705714
93	93	3.96873
93	94	-0.895788
93	129	-0.879285
93	130	-0.0526516
94	63	-0.210139
94	83	-0.482583
94	93	-0.895788
94	94	3.77586
94	118	-0.205212
94	130	-1.05879
94	131	-0.923343
95	64	-0.442308
95	95	1.98352
95	96	-1.04672
95	97	-0.482224
95	137	-0.0122708
96	64	-0.013913
96	95	-1.04672
96	96	3.73702
96	101	-0.708162
96	135	-0.674009
96	136	-0.468816
96	137	-0.825407
97	95	-0.482224
97	97	1.98122
97	98	-0.517232
97	137	-0.971129
97	138	-0.0106308
98	97	-0.517232
98	98	1.98792
98	99	-0.547341
98	138	-0.914354
98	139	-0.00899228
99	98	-0.547341
99	99	1.98903
99	100	-1.00103
99	132	-0.0812955
99	139	-0.35936
100	99	-1.00103
100	100	4.04381
100	132	-0.98252
100	139	-1.02467
100	140	-1.03559
101	64	-1.1486
101	65	-0.236621
101	96	-0.708162
101	101	3.69227
101	102	-0.581953
101	135	-0.580477
101	142	-0.436461
102	65	-0.6798
102	66	-0.0287709
102	73	-0.839299
102	101	-0.581953
102	102	3.59211
102	107	-0.213433
102	141	-0.601721
102	142	-0.647131
103	67	-0.719582
103	69	-0.552316
103	80	-0.310256
103	103	3.54306
103	105	-0.477094
103	115	-0.825109
103	145	-0.658701
104	68	-0.344971
104	87	-0.925723
104	104	3.7821
104	105	-0.23595
104	122	-1.02047
104	144	-0.933414
104	146	-0.321571
105	68	-0.72962
105	69	-0.634435
105	103	-0.477094
105	104	-0.23595
105	105	3.64888
105	145	-0.710312
105	146	-0.861464
106	70	-0.0339096
106	71	-0.944378
106	72	-0.0562036
106	78	-0.0650265
106	82	-0.987621
106	106	3.97409
106	110	-1.25256
106	117	-0.184724
106	147	-0.449665
107	73	-0.730041
107	102	-0.213433
107	107	3.91609
107	108	-0.874471
107	141	-1.19845
107	148	-0.899694
108	73	-0.556266
108	74	-0.88751
108	107	-0.874471
108	108	3.69664
108	109	-0.191101
108	148	-0.307085
108	149	-0.880204
109	74	-0.76343
109	75	-0.131983
109	79	-0.837751
109	108	-0.191101
109	109	3.75558
109	114	-0.825797
109	149	-0.979998
109	150	-0.0255197
110	78	-0.906712
110	106	-1.25256
110	110	3.94169
110	113	-0.332167
110	147	-0.605529
110	151	-0.844717
111	76	-0.550496
111	77	-0.556705
111	78	-0.528314
111	111	3.50006
111	112	-0.626387
111	113	-0.785734
111	152	-0.452423
112	77	-0.836514
112	79	-0.957376
112	111	-0.626387
112	112	3.74098
112	114	-0.763996
112	152	-0.556705
113	78	-0.648569
113	110	-0.332167
113	111	-0.785734
113	113	3.91893
113	151	-1.17172
113	152	-0.980736
114	79	-0.125415
114	109	-0.825797
114	112	-0.763996
114	114	3.62958
114	150	-0.731282
114	152	-0.626387
114	153	-0.556705
115	80	-0.794747
115	81	-0.497917
115	103	-0.825109
115	115	3.8264
115	116	-0.0154358
115	145	-0.628971
115	154	-1.06422
116	81	-1.03789
116	82	-0.862568
116	115	-0.0154358
116	116	3.82991
116	117	-0.370032
116	154	-1.0241
116	156	-0.519881
117	82	-0.942892
117	106	-0.184724
117	116	-0.370032
117	117	3.75972
117	147	-0.90326
117	156	-0.447774
117	157	-0.911038
118	83	-0.779886
118	84	-0.806834
118	94	-0.205212
118	118	3.78059
118	119	-0.0986046
118	131	-0.96019
118	158	-0.929861
119	84	-1.01557
119	85	-0.734529
119	118	-0.0986046
119	119	3.78456
119	120	-0.180622
119	121	-0.893716
119	158	-0.855854
119	159	-0.0056629
120	85	-1.11771
120	86	-0.0164652
120	119	-0.180622
120	120	3.81857
120	121	-0.942316
120	122	-0.241363
120	123	-0.629367
120	160	-0.690723
121	119	-0.893716
121	120	-0.942316
121	121	3.83121
121	159	-1.10968
121	160	-0.433269
121	161	-0.452236
122	86	-0.880997
122	87	-0.061019
122	104	-1.02047
122	120	-0.241363
122	122	3.95628
122	123	-1.21805
122	144	-0.0523662
122	162	-0.482018
123	120	-0.629367
123	122	-1.21805
123	123	3.80072
123	160	-0.535484
123	162	-0.615632
123	163	-0.802183
124	88	-0.643714
124	91	-0.855773
124	92	-0.0164208
124	124	3.78244
124	127	-0.439396
124	128	-1.13892
124	164	-0.68821
125	89	-0.516052
125	90	-0.867996
125	91	-0.410335
125	125	3.56254
125	126	-0.376394
125	127	-0.849029
125	166	-0.542733
126	90	-0.270866
126	125	-0.376394
126	126	1.7732
126	166	-0.844228
126	167	-0.281708
127	91	-0.499215
127	124	-0.439396
127	125	-0.849029
127	127	3.54809
127	164	-0.830958
127	166	-0.400812
127	168	-0.52868
128	92	-0.795838
128	124	-1.13892
128	128	3.96196
128	129	-0.0705714
128	164	-0.016421
128	169	-0.849989
128	171	-1.09021
129	92	-1.1676
129	93	-0.879285
129	128	-0.0705714
129	129	3.83987
129	130	-0.725594
129	171	-0.792918
129	172	-0.203908
130	93	-0.0526516
130	94	-1.05879
130	129	-0.725594
130	130	3.67778
130	131	-0.221427
130	170	-0.533763
130	172	-0.70363
130	173	-0.381917
131	94	-0.923343
131	118	-0.96019
131	130	-0.221427
131	131	3.78697
131	158	-0.0986047
131	165	-0.913514
131	173	-0.669894
132	99	-0.0812955
132	100	-0.98252
132	132	2.01127
132	134	-0.592884
132	140	-0.34885
132	179	-0.00571952
133	133	2.03093
133	134	-0.608329
133	174	-0.112162
133	178	-1.02253
133	180	-0.287907
134	132	-0.592884
134	133	-0.608329
134	134	2.02287
134	179	-0.817576
134	180	-0.00408482
135	96	-0.674009
135	101	-0.580477
135	135	3.62588
135	136	-0.774512
135	142	-0.864169
135	143	-0.632857
135	181	-0.0998592
136	96	-0.468816
136	135	-0.774512
136	136	3.81711
136	137	-0.730674
136	181	-0.963284
136	182	-0.879828
137	95	-0.0122708
137	96	-0.825407
137	97	-0.971129
137	136	-0.730674
137	137	3.88496
137	138	-1.11502
137	182	-0.171128
137	183	-0.0593397
138	97	-0.0106308
138	98	-0.914354
138	137	-1.11502
138	138	3.90085
138	139	-0.881353
138	183	-0.775242
138	184	-0.204258
139	98	-0.00899228
139	99	-0.35936
139	100	-1.02467
139	138	-0.881353
139	139	4.02721
139	140	-0.428933
139	184	-1.25988
139	185	-0.0640258
140	100	-1.03559
140	132	-0.34885
140	139	-0.428933
140	140	4.02321
140	179	-0.996269
140	185	-1.14955
140	186	-0.0640256
141	102	-0.601721
141	107	-1.19845
141	141	4.05322
141	142	-1.0993
141	148	-0.0235988
141	188	-1.00277
141	190	-0.127385
142	101	-0.436461
142	102	-0.647131
142	135	-0.864169
142	141	-1.0993
142	142	3.77111
142	143	-0.597614
142	190	-0.126443
143	135	-0.632857
143	142	-0.597614
143	143	3.75785
143	181	-0.863921
143	189	-0.858342
143	190	-0.80512
144	104	-0.933414
144	122	-0.0523662
144	144	3.7315
144	146	-0.826771
144	162	-0.845152
144	192	-0.33061
144	193	-0.743188
145	103	-0.658701
145	105	-0.710312
145	115	-0.628971
145	145	3.6344
145	146	-0.676009
145	154	-0.0291921
145	155	-0.80742
145	194	-0.123794
146	104	-0.321571
146	105	-0.861464
146	144	-0.826771
146	145	-0.676009
146	146	3.73512
146	193	-0.187367
146	194	-0.861941
147	106	-0.449665
147	110	-0.605529
147	117	-0.90326
147	147	3.62047
147	151	-0.28313
147	157	-0.485132
147	195	-0.893753
148	107	-0.899694
148	108	-0.307085
148	141	-0.0235988
148	148	3.81108
148	149	-0.678155
148	188	-0.581261
148	191	-1.16988
148	196	-0.151405
149	108	-0.880204
149	109	-0.979998
149	148	-0.678155
149	149	3.88582
149	150	-1.10971
149	196	-0.237751
150	109	-0.0255197
150	114	-0.731282
150	149	-1.10971
150	150	3.74375
150	153	-0.642282
150	196	-0.585978
150	197	-0.648971
151	110	-0.844717
151	113	-1.17172
151	147	-0.28313
151	151	3.94642
151	152	-0.0379453
151	195	-0.519
151	198	-1.0899
152	111	-0.452423
152	112	-0.556705
152	113	-0.980736
152	114	-0.626387
152	151	-0.0379453
152	152	3.70063
152	153	-0.844717
152	198	-0.201713
153	114	-0.556705
153	150	-0.642282
153	152	-0.844717
153	153	3.65632
153	197	-0.273696
153	198	-0.422388
153	199	-0.916531
154	115	-1.06422
154	116	-1.0241
154	145	-0.0291921
154	154	3.96159
154	155	-1.09651
154	156	-0.536912
154	203	-0.21065
155	145	-0.80742
155	154	-1.09651
155	155	3.83161
155	194	-0.868552
155	202	-0.277943
155	203	-0.78119
156	116	-0.519881
156	117	-0.447774
156	154	-0.536912
156	156	3.65171
156	157	-0.332063
156	203	-0.202277
156	204	-1.14627
156	205	-0.466533
157	117	-0.911038
157	147	-0.485132
157	156	-0.332063
157	157	3.69194
157	195	-0.49372
157	200	-0.00277141
157	201	-0.905342
157	205	-0.561877
158	118	-0.929861
158	119	-0.855854
158	131	-0.0986047
158	158	3.84137
158	159	-0.94567
158	165	-0.931463
158	206	-0.0799164
159	119	-0.0056629
159	121	-1.10968
159	158	-0.94567
159	159	3.83865
159	161	-0.555447
159	206	-0.902251
159	207	-0.31994
160	120	-0.690723
160	121	-0.433269
160	123	-0.535484
160	160	3.50402
160	161	-0.63292
160	163	-0.487705
160	208	-0.723921
161	121	-0.452236
161	159	-0.555447
161	160	-0.63292
161	161	3.50677
161	207	-0.755681
161	208	-0.451954
161	209	-0.658533
162	122	-0.482018
162	123	-0.615632
162	144	-0.845152
162	162	3.64329
162	163	-0.591679
162	192	-0.864404
162	210	-0.244408
163	123	-0.802183
163	160	-0.487705
163	162	-0.591679
163	163	3.54179
163	208	-0.608789
163	210	-0.724926
163	211	-0.326505
164	124	-0.68821
164	127	-0.830958
164	128	-0.016421
164	164	3.76257
164	168	-0.42579
164	169	-1.07096
164	213	-0.730231
165	131	-0.913514
165	158	-0.931463
165	165	3.88883
165	173	-0.0566227
165	206	-0.872413
165	214	-1.0349
165	215	-0.0799166
166	125	-0.542733
166	126	-0.844228
166	127	-0.400812
166	166	3.55269
166	167	-0.372874
166	168	-0.827311
166	216	-0.564736
167	126	-0.281708
167	166	-0.372874
167	167	1.76927
167	216	-0.824415
167	217	-0.290278
168	127	-0.52868
168	164	-0.42579
168	166	-0.827311
168	168	3.53965
168	213	-0.811011
168	216	-0.393458
168	219	-0.553395
169	128	-0.849989
169	164	-1.07096
169	169	3.93401
169	171	-0.0705714
169	213	-0.016421
169	218	-0.90414
169	220	-1.02193
170	130	-0.533763
170	170	3.76378
170	172	-1.01047
170	173	-0.615433
170	221	-0.811705
170	222	-0.792412
171	128	-1.09021
171	129	-0.792918
171	169	-0.0705714
171	171	3.90907
171	172	-1.04491
171	220	-0.848354
171	223	-0.0621051
172	129	-0.203908
172	130	-0.70363
172	170	-1.01047
172	171	-1.04491
172	172	3.87046
172	222	-0.00538405
172	223	-0.902154
173	130	-0.381917
173	131	-0.669894
173	165	-0.0566227
173	170	-0.615433
173	173	3.71006
173	214	-1.12239
173	221	-0.699165
173	224	-0.164644
174	133	-0.112162
174	174	1.81627
174	177	-0.114164
174	178	-0.788818
174	226	-0.801125
175	175	1.82083
175	176	-0.112162
175	212	-0.106111
175	225	-0.79265
175	227	-0.809902
176	175	-0.112162
176	176	1.81627
176	177	-0.114164
176	227	-0.788819
176	228	-0.801125
177	174	-0.114164
177	176	-0.114164
177	177	1.81513
177	226	-0.793401
177	228	-0.793401
178	133	-1.02253
178	174	-0.788818
178	178	3.87065
178	180	-1.02972
178	226	-0.226432
178	229	-0.803152
179	132	-0.00571952
179	134	-0.817576
179	140	-0.996269
179	179	3.98614
179	180	-1.04635
179	186	-1.0562
179	231	-0.0640258
180	133	-0.287907
180	134	-0.00408482
180	178	-1.02972
180	179	-1.04635
180	180	3.98493
180	229	-0.57666
180	231	-0.976182
180	232	-0.0640257
181	135	-0.0998592
181	136	-0.963284
181	143	-0.863921
181	181	4.05604
181	182	-0.737834
181	187	-1.36717
181	189	-0.0115196
181	233	-0.0124577
182	136	-0.879828
182	137	-0.171128
182	181	-0.737834
182	182	4.04786
182	183	-1.19486
182	233	-1.0642
183	137	-0.0593397
183	138	-0.775242
183	182	-1.19486
183	183	3.97577
183	184	-0.952429
183	233	-0.0770156
183	235	-0.91688
184	138	-0.204258
184	139	-1.25988
184	183	-0.952429
184	184	3.83798
184	185	-0.730869
184	235	-0.201059
184	236	-0.489487
185	139	-0.0640258
185	140	-1.14955
185	184	-0.730869
185	185	3.72225
185	186	-0.728765
185	236	-0.578079
185	237	-0.470958
186	140	-0.0640256
186	179	-1.0562
186	185	-0.728765
186	186	3.71634
186	231	-0.809469
186	234	-0.375649
186	237	-0.682228
187	181	-1.36717
187	187	4.13077
187	189	-0.536034
187	233	-0.802844
187	238	-1.29698
187	239	-0.12774
188	141	-1.00277
188	148	-0.581261
188	188	3.84445
188	190	-1.16338
188	191	-0.363818
188	240	-0.733215
189	143	-0.858342
189	181	-0.0115196
189	187	-0.536034
189	189	3.8676
189	190	-0.802426
189	239	-1.23201
189	241	-0.427268
190	141	-0.127385
190	142	-0.126443
190	143	-0.80512
190	188	-1.16338
190	189	-0.802426
190	190	3.82035
190	240	-0.47209
190	241	-0.3235
191	148	-1.16988
191	188	-0.363818
191	191	3.88309
191	196	-0.986601
191	240	-0.472737
191	242	-0.890058
192	144	-0.33061
192	162	-0.864404
192	192	3.75978
192	193	-0.827657
192	210	-0.868845
192	243	-0.868265
193	144	-0.743188
193	146	-0.187367
193	192	-0.827657
193	193	3.80316
193	194	-1.05883
193	243	-0.155081
193	245	-0.831037
194	145	-0.123794
194	146	-0.861941
194	155	-0.868552
194	193	-1.05883
194	194	3.74773
194	202	-0.491583
194	245	-0.343027
195	147	-0.893753
195	151	-0.519
195	157	-0.49372
195	195	3.59186
195	198	-0.556145
195	200	-0.773632
195	247	-0.35561
196	148	-0.151405
196	149	-0.237751
196	150	-0.585978
196	191	-0.986601
196	196	3.6681
196	197	-0.863005
196	242	-0.286658
196	248	-0.556704
197	150	-0.648971
197	153	-0.273696
197	196	-0.863005
197	197	3.60887
197	199	-0.900533
197	248	-0.365963
197	249	-0.556704
198	151	-1.0899
198	152	-0.201713
198	153	-0.422388
198	195	-0.556145
198	198	3.59413
198	199	-0.526665
198	247	-0.367848
198	250	-0.429476
199	153	-0.916531
199	197	-0.900533
199	198	-0.526665
199	199	3.7365
199	249	-0.541156
199	250	-0.851611
200	157	-0.00277141
200	195	-0.773632
200	200	4.17013
200	201	-1.30688
200	247	-1.31084
200	251	-0.776007
201	157	-0.905342
201	200	-1.30688
201	201	3.98723
201	205	-0.955512
201	251	-0.210605
201	252	-0.608895
202	155	-0.277943
202	194	-0.491583
202	202	3.91124
202	203	-1.12285
202	245	-1.09516
202	253	-0.923702
203	154	-0.21065
203	155	-0.78119
203	156	-0.202277
203	202	-1.12285
203	203	3.73926
203	204	-0.61215
203	253	-0.207601
203	254	-0.602542
204	156	-1.14627
204	203	-0.61215
204	204	3.77602
204	205	-0.630518
204	254	-0.702272
204	255	-0.684817
205	156	-0.466533
205	157	-0.561877
205	201	-0.955512
205	204	-0.630518
205	205	3.59603
205	252	-0.460249
205	255	-0.521342
206	158	-0.0799164
206	159	-0.902251
206	165	-0.872413
206	206	3.74288
206	207	-0.604877
206	215	-0.98454
206	256	-0.298878
207	159	-0.31994
207	161	-0.755681
207	206	-0.604877
207	207	3.553
207	209	-0.42186
207	256	-0.847561
207	257	-0.603083
208	160	-0.723921
208	161	-0.451954
208	163	-0.608789
208	208	3.58941
208	209	-0.707465
208	211	-0.881559
208	258	-0.215721
209	161	-0.658533
209	207	-0.42186
209	208	-0.707465
209	209	3.64368
209	257	-0.785653
209	258	-0.942501
209	259	-0.127668
210	162	-0.244408
210	163	-0.724926
210	192	-0.868845
210	210	3.54364
210	211	-0.658668
210	243	-0.148803
210	244	-0.516297
210	262	-0.381689
211	163	-0.326505
211	208	-0.881559
211	210	-0.658668
211	211	3.66083
211	258	-0.653719
211	260	-0.199791
211	262	-0.940588
212	175	-0.106111
212	212	1.83037
212	225	-0.825165
212	263	-0.0958936
212	264	-0.8032
213	164	-0.730231
213	168	-0.811011
213	169	-0.016421
213	213	3.75256
213	218	-1.01055
213	219	-0.414455
213	265	-0.769885
214	165	-1.0349
214	173	-1.12239
214	214	3.87501
214	215	-0.709292
214	224	-0.777335
214	266	-0.231097
215	165	-0.0799166
215	206	-0.98454
215	214	-0.709292
215	215	3.67927
215	256	-0.630798
215	266	-0.675985
215	267	-0.598738
216	166	-0.564736
216	167	-0.824415
216	168	-0.393458
216	216	3.58263
216	217	-0.27273
216	219	-0.71101
216	268	-0.816279
217	167	-0.290278
217	216	-0.27273
217	217	1.81957
217	268	-0.908688
217	269	-0.347874
218	169	-0.90414
218	213	-1.01055
218	218	3.92121
218	220	-0.0705714
218	265	-0.0164209
218	270	-0.961235
218	271	-0.95829
219	168	-0.553395
219	213	-0.414455
219	216	-0.71101
219	219	3.5157
219	265	-0.795311
219	268	-0.485435
219	272	-0.556094
220	169	-1.02193
220	171	-0.848354
220	218	-0.0705714
220	220	3.88654
220	223	-0.979795
220	270	-0.903789
220	273	-0.062105
221	170	-0.811705
221	173	-0.699165
221	221	3.9097
221	222	-0.221951
221	224	-0.897033
221	274	-1.27985
222	170	-0.792412
222	172	-0.00538405
222	221	-0.221951
222	222	3.8518
222	223	-1.03255
222	274	-0.835246
222	275	-0.964259
223	171	-0.0621051
223	172	-0.902154
223	220	-0.979795
223	222	-1.03255
223	223	3.94086
223	273	-0.958875
223	275	-0.00538385
224	173	-0.164644
224	214	-0.777335
224	221	-0.897033
224	224	3.88741
224	266	-1.11771
224	274	-0.00437307
224	276	-0.926317
225	175	-0.79265
225	212	-0.825165
225	225	3.67485
225	227	-0.214331
225	230	-0.81695
225	264	-0.193895
225	277	-0.831864
226	174	-0.801125
226	177	-0.793401
226	178	-0.226432
226	226	3.64738
226	228	-0.228332
226	229	-0.800834
226	278	-0.797259
227	175	-0.809902
227	176	-0.788819
227	225	-0.214331
227	227	3.65547
227	228	-0.226433
227	230	-0.81283
227	279	-0.803152
228	176	-0.801125
228	177	-0.793401
228	226	-0.228332
228	227	-0.226433
228	228	3.64738
228	278	-0.797258
228	279	-0.800834
229	178	-0.803152
229	180	-0.57666
229	226	-0.800834
229	229	3.76875
229	232	-0.906835
229	278	-0.61724
229	280	-0.0640257
230	225	-0.81695
230	227	-0.81283
230	230	3.65634
230	277	-0.233401
230	279	-0.215686
230	281	-0.718146
230	282	-0.859328
231	179	-0.0640258
231	180	-0.976182
231	186	-0.809469
231	231	3.72383
231	232	-0.871998
231	234	-0.664522
231	283	-0.33763
232	180	-0.0640257
232	229	-0.906835
232	231	-0.871998
232	232	3.73274
232	280	-0.878571
232	283	-0.712654
232	284	-0.298655
233	181	-0.0124577
233	182	-1.0642
233	183	-0.0770156
233	187	-0.802844
233	233	3.91461
233	235	-0.796352
233	238	-0.0493137
233	286	-1.11243
234	186	-0.375649
234	231	-0.664522
234	234	3.51111
234	237	-0.781153
234	283	-0.53156
234	285	-0.546647
234	287	-0.611578
235	183	-0.91688
235	184	-0.201059
235	233	-0.796352
235	235	3.74255
235	236	-0.836631
235	286	-0.139445
235	288	-0.852179
236	184	-0.489487
236	185	-0.578079
236	235	-0.836631
236	236	3.51804
236	237	-0.60561
236	288	-0.463494
236	289	-0.544739
237	185	-0.470958
237	186	-0.682228
237	234	-0.781153
237	236	-0.60561
237	237	3.53804
237	287	-0.287677
237	289	-0.71041
238	187	-1.29698
238	233	-0.0493137
238	238	4.18088
238	239	-0.623132
238	286	-0.863917
238	290	-1.34754
239	187	-0.12774
239	189	-1.23201
239	238	-0.623132
239	239	3.81296
239	241	-0.437978
239	290	-0.450546
239	291	-0.941553
240	188	-0.733215
240	190	-0.47209
240	191	-0.472737
240	240	3.56113
240	241	-0.511633
240	242	-0.574776
240	292	-0.796677
241	189	-0.427268
241	190	-0.3235
241	239	-0.437978
241	240	-0.511633
241	241	3.43252
241	291	-0.609779
241	292	-0.396502
241	293	-0.725858
242	191	-0.890058
242	196	-0.286658
242	240	-0.574776
242	242	3.64319
242	248	-0.96326
242	292	-0.595613
242	294	-0.332828
243	192	-0.868265
243	193	-0.155081
243	210	-0.148803
243	243	3.83596
243	244	-0.988172
243	245	-0.101717
243	246	-0.957166
243	295	-0.616753
244	210	-0.516297
244	243	-0.988172
244	244	3.78903
244	261	-0.864207
244	262	-0.905228
244	295	-0.105205
244	296	-0.409917
245	193	-0.831037
245	194	-0.343027
245	202	-1.09516
245	243	-0.101717
245	245	4.0781
245	246	-1.40988
245	253	-0.275613
245	297	-0.0216719
246	243	-0.957166
246	245	-1.40988
246	246	4.16861
246	295	-0.854774
246	297	-0.946791
247	195	-0.35561
247	198	-0.367848
247	200	-1.31084
247	247	4.07262
247	250	-1.04679
247	251	-0.00913522
247	298	-0.982399
248	196	-0.556704
248	197	-0.365963
248	242	-0.96326
248	248	3.62931
248	249	-0.898671
248	294	-0.545707
248	299	-0.299002
249	197	-0.556704
249	199	-0.541156
249	248	-0.898671
249	249	3.60289
249	250	-0.406796
249	299	-0.827296
249	300	-0.372263
250	198	-0.429476
250	199	-0.851611
250	247	-1.04679
250	249	-0.406796
250	250	3.6973
250	298	-0.574335
250	300	-0.3883
251	200	-0.776007
251	201	-0.210605
251	247	-0.00913522
251	251	3.72763
251	252	-0.520238
251	298	-0.335005
251	301	-0.834209
251	302	-1.04243
252	201	-0.608895
252	205	-0.460249
252	251	-0.520238
252	252	3.52829
252	255	-0.626387
252	302	-0.718622
252	303	-0.593899
253	202	-0.923702
253	203	-0.207601
253	245	-0.275613
253	253	3.70734
253	254	-0.76584
253	297	-0.79757
253	304	-0.737012
254	203	-0.602542
254	204	-0.702272
254	253	-0.76584
254	254	3.53829
254	255	-0.486639
254	304	-0.321674
254	305	-0.659322
255	204	-0.684817
255	205	-0.521342
255	252	-0.626387
255	254	-0.486639
255	255	3.47963
255	303	-0.550496
255	305	-0.609952
256	206	-0.298878
256	207	-0.847561
256	215	-0.630798
256	256	3.49931
256	257	-0.396178
256	267	-0.231258
256	306	-0.667193
256	308	-0.427444
257	207	-0.603083
257	209	-0.785653
257	256	-0.396178
257	257	3.58958
257	259	-0.777997
257	306	-0.79733
257	309	-0.22934
258	208	-0.215721
258	209	-0.942501
258	211	-0.653719
258	258	3.69151
258	259	-0.762468
258	260	-0.858665
258	311	-0.258436
259	209	-0.127668
259	257	-0.777997
259	258	-0.762468
259	259	3.75193
259	309	-0.987867
259	310	-0.225779
259	311	-0.870151
260	211	-0.199791
260	258	-0.858665
260	260	3.99331
260	262	-0.582563
260	311	-1.26598
260	313	-1.08631
261	244	-0.864207
261	261	4.24787
261	262	-0.771187
261	296	-1.12823
261	312	-1.44093
261	313	-0.0433132
262	210	-0.381689
262	211	-0.940588
262	244	-0.905228
262	260	-0.582563
262	261	-0.771187
262	262	3.76814
262	313	-0.186887
263	212	-0.0958936
263	263	1.84586
263	264	-0.847462
263	316	-0.821208
263	317	-0.0812956
264	212	-0.8032
264	225	-0.193895
264	263	-0.847462
264	264	3.70635
264	277	-0.838204
264	316	-0.1647
264	318	-0.858885
265	213	-0.769885
265	218	-0.0164209
265	219	-0.795311
265	265	3.75049
265	271	-0.956501
265	272	-0.405121
265	321	-0.807256
266	214	-0.231097
266	215	-0.675985
266	224	-1.11771
266	266	3.90848
266	267	-0.607735
266	276	-0.0530107
266	320	-1.07936
266	322	-0.143576
267	215	-0.598738
267	256	-0.231258
267	266	-0.607735
267	267	3.69824
267	308	-0.922798
267	320	-0.769607
267	323	-0.568103
268	216	-0.816279
268	217	-0.908688
268	219	-0.485435
268	268	3.70206
268	269	-0.076453
268	272	-0.50497
268	325	-0.910236
269	217	-0.347874
269	268	-0.076453
269	269	1.95476
269	325	-1.09942
269	326	-0.431012
270	218	-0.961235
270	220	-0.903789
270	270	3.87884
270	271	-0.0705716
270	273	-0.921911
270	324	-0.959225
270	327	-0.0621048
271	218	-0.95829
271	265	-0.956501
271	270	-0.0705716
271	271	3.92115
271	321	-0.0164208
271	324	-0.90693
271	328	-1.01244
272	219	-0.556094
272	265	-0.405121
272	268	-0.50497
272	272	3.76896
272	321	-1.08066
272	325	-0.960111
272	329	-0.262006
273	220	-0.062105
273	223	-0.958875
273	270	-0.921911
273	273	3.93876
273	275	-0.974883
273	327	-1.0156
273	330	-0.00538374
274	221	-1.27985
274	222	-0.835246
274	224	-0.00437307
274	274	4.02568
274	275	-0.0513373
274	276	-0.941951
274	331	-0.912922
275	222	-0.964259
275	223	-0.00538385
275	273	-0.974883
275	274	-0.0513373
275	275	3.94833
275	330	-1.02098
275	331	-0.931483
276	224	-0.926317
276	266	-0.0530107
276	274	-0.941951
276	276	3.86454
276	322	-0.946401
276	331	-0.108058
276	332	-0.888799
277	225	-0.831864
277	230	-0.233401
277	264	-0.838204
277	277	3.64566
277	282	-0.676601
277	318	-0.245664
277	333	-0.819922
278	226	-0.797259
278	228	-0.797258
278	229	-0.61724
278	278	3.77369
278	279	-0.651755
278	280	-0.846156
278	334	-0.0640258
279	227	-0.803152
279	228	-0.800834
279	230	-0.215686
279	278	-0.651755
279	279	3.82929
279	281	-1.05709
279	334	-0.300771
280	229	-0.0640257
280	232	-0.878571
280	278	-0.846156
280	280	3.73034
280	284	-0.721221
280	334	-0.8913
280	335	-0.329061
281	230	-0.718146
281	279	-1.05709
281	281	3.86464
281	282	-0.21692
281	334	-0.98369
281	336	-0.888796
282	230	-0.859328
282	277	-0.676601
282	281	-0.21692
282	282	3.63981
282	333	-0.272748
282	336	-0.771569
282	337	-0.842641
283	231	-0.33763
283	232	-0.712654
283	234	-0.53156
283	283	3.55148
283	284	-0.723247
283	285	-0.819606
283	338	-0.426782
284	232	-0.298655
284	280	-0.721221
284	283	-0.723247
284	284	3.58516
284	335	-0.86171
284	338	-0.651263
284	339	-0.329061
285	234	-0.546647
285	283	-0.819606
285	285	3.57366
285	287	-0.756576
285	338	-0.313769
285	340	-0.585441
285	341	-0.551626
286	233	-1.11243
286	235	-0.139445
286	238	-0.863917
286	286	3.76933
286	288	-0.626934
286	290	-0.123103
286	342	-0.262464
286	343	-0.641041
287	234	-0.611578
287	237	-0.287677
287	285	-0.756576
287	287	3.64397
287	289	-0.85574
287	341	-0.275189
287	344	-0.857206
288	235	-0.852179
288	236	-0.463494
288	286	-0.626934
288	288	3.8078
288	289	-0.622044
288	342	-1.23461
288	345	-0.00853214
289	236	-0.544739
289	237	-0.71041
289	287	-0.85574
289	288	-0.622044
289	289	3.59548
289	344	-0.143457
289	345	-0.719094
290	238	-1.34754
290	239	-0.450546
290	286	-0.123103
290	290	4.01698
290	291	-0.158405
290	343	-0.0302198
290	347	-0.887151
290	348	-1.02002
291	239	-0.941553
291	241	-0.609779
291	290	-0.158405
291	291	3.66794
291	293	-0.36503
291	348	-0.714988
291	349	-0.878185
292	240	-0.796677
292	241	-0.396502
292	242	-0.595613
292	292	3.52329
292	293	-0.628878
292	294	-0.542324
292	350	-0.563293
293	241	-0.725858
293	291	-0.36503
293	292	-0.628878
293	293	3.51549
293	349	-0.661767
293	350	-0.69177
293	351	-0.44219
294	242	-0.332828
294	248	-0.545707
294	292	-0.542324
294	294	3.55561
294	299	-0.869238
294	350	-0.78167
294	352	-0.483848
295	243	-0.616753
295	244	-0.105205
295	246	-0.854774
295	295	3.73992
295	296	-0.806923
295	297	-0.592038
295	353	-0.764224
296	244	-0.409917
296	261	-1.12823
296	295	-0.806923
296	296	3.77794
296	312	-0.127466
296	314	-0.323942
296	353	-0.743861
296	354	-0.237596
297	245	-0.0216719
297	246	-0.946791
297	253	-0.79757
297	295	-0.592038
297	297	3.72772
297	304	-0.495533
297	353	-0.215181
297	355	-0.658937
298	247	-0.982399
298	250	-0.574335
298	251	-0.335005
298	298	3.82042
298	300	-0.973147
298	301	-0.85688
298	356	-0.098657
299	248	-0.299002
299	249	-0.827296
299	294	-0.869238
299	299	3.68097
299	300	-0.907529
299	352	-0.539988
299	357	-0.237918
300	249	-0.372263
300	250	-0.3883
300	298	-0.973147
300	299	-0.907529
300	300	3.70537
300	356	-0.734297
300	357	-0.32983
301	251	-0.834209
301	298	-0.85688
301	301	3.8174
301	302	-0.414012
301	356	-0.784145
301	358	-0.928153
302	251	-1.04243
302	252	-0.718622
302	301	-0.414012
302	302	3.62017
302	303	-0.311151
302	358	-0.160389
302	359	-0.375176
302	360	-0.598381
303	252	-0.593899
303	255	-0.550496
303	302	-0.311151
303	303	3.53166
303	305	-0.626387
303	360	-0.865733
303	361	-0.583996
304	253	-0.737012
304	254	-0.321674
304	297	-0.495533
304	304	3.61701
304	305	-0.402794
304	355	-1.00297
304	362	-0.657036
305	254	-0.659322
305	255	-0.609952
305	303	-0.626387
305	304	-0.402794
305	305	3.50333
305	361	-0.550496
305	362	-0.654375
306	256	-0.667193
306	257	-0.79733
306	306	3.63215
306	307	-0.824866
306	308	-0.337157
306	309	-0.772454
306	363	-0.233155
307	306	-0.824866
307	307	4.05546
307	308	-1.11555
307	363	-0.999929
307	364	-1.11512
308	256	-0.427444
308	267	-0.922798
308	306	-0.337157
308	307	-1.11555
308	308	3.97017
308	323	-1.04057
308	364	-0.126654
309	257	-0.22934
309	259	-0.987867
309	306	-0.772454
309	309	3.70564
309	310	-0.886223
309	363	-0.60326
309	365	-0.226496
310	259	-0.225779
310	309	-0.886223
310	310	3.97887
310	311	-0.536575
310	365	-1.26234
310	367	-1.06796
311	258	-0.258436
311	259	-0.870151
311	260	-1.26598
311	310	-0.536575
311	311	3.82183
311	313	-0.0482978
311	367	-0.130776
311	368	-0.71161
312	261	-1.44093
312	296	-0.127466
312	312	4.1674
312	313	-0.961874
312	314	-0.785315
312	369	-0.851812
313	260	-1.08631
313	261	-0.0433132
313	262	-0.186887
313	311	-0.0482978
313	312	-0.961874
313	313	3.94428
313	368	-0.9384
313	369	-0.679199
314	296	-0.323942
314	312	-0.785315
314	314	3.69785
314	354	-0.849018
314	369	-0.61126
314	370	-0.301168
314	371	-0.827143
315	315	1.98792
315	317	-0.547341
315	319	-0.517232
315	372	-0.914354
315	373	-0.0089923
316	263	-0.821208
316	264	-0.1647
316	316	3.87972
316	317	-1.00103
316	318	-0.868109
316	373	-1.02467
317	263	-0.0812956
317	315	-0.547341
317	316	-1.00103
317	317	1.98903
317	373	-0.35936
318	264	-0.858885
318	277	-0.245664
318	316	-0.868109
318	318	3.64844
318	333	-0.639162
318	373	-0.2523
318	374	-0.784316
319	315	-0.517232
319	319	1.98122
319	372	-0.0106307
319	375	-0.482224
319	376	-0.971129
320	266	-1.07936
320	267	-0.769607
320	320	3.90792
320	322	-1.17446
320	323	-0.469815
320	378	-0.414672
321	265	-0.807256
321	271	-0.0164208
321	272	-1.08066
321	321	4.00204
321	328	-0.907856
321	329	-0.103339
321	379	-1.08652
322	266	-0.143576
322	276	-0.946401
322	320	-1.17446
322	322	4.11869
322	332	-0.00647864
322	377	-1.32971
322	378	-0.491217
322	380	-0.0268441
323	267	-0.568103
323	308	-1.04057
323	320	-0.469815
323	323	3.73308
323	364	-0.229464
323	378	-0.869065
323	381	-0.556067
324	270	-0.959225
324	271	-0.90693
324	324	3.79344
324	327	-0.728092
324	328	-0.0705714
324	382	-0.207403
324	383	-0.921214
325	268	-0.910236
325	269	-1.09942
325	272	-0.960111
325	325	3.8634
325	326	-0.182042
325	329	-0.296408
325	384	-0.415185
326	269	-0.431012
326	325	-0.182042
326	326	1.89214
326	384	-0.976182
326	385	-0.302908
327	270	-0.0621048
327	273	-1.0156
327	324	-0.728092
327	327	3.86758
327	330	-0.602916
327	382	-1.12981
327	386	-0.329061
328	271	-1.01244
328	321	-0.907856
328	324	-0.0705714
328	328	3.93193
328	379	-0.0164209
328	383	-0.858054
328	389	-1.06659
329	272	-0.262006
329	321	-0.103339
329	325	-0.296408
329	329	3.93808
329	379	-1.15919
329	384	-1.06696
329	388	-0.95553
329	390	-0.0946426
330	273	-0.00538374
330	275	-1.02098
330	327	-0.602916
330	330	3.81325
330	331	-0.15434
330	386	-0.812539
330	387	-0.769135
330	392	-0.447956
331	274	-0.912922
331	275	-0.931483
331	276	-0.108058
331	330	-0.15434
331	331	3.80212
331	332	-0.997679
331	392	-0.676008
331	393	-0.0216296
332	276	-0.888799
332	322	-0.00647864
332	331	-0.997679
332	332	3.96988
332	377	-0.939768
332	391	-0.0531843
332	393	-1.08397
333	277	-0.819922
333	282	-0.272748
333	318	-0.639162
333	333	3.58746
333	337	-0.727907
333	374	-0.32644
333	394	-0.801283
334	278	-0.0640258
334	279	-0.300771
334	280	-0.8913
334	281	-0.98369
334	334	3.74818
334	335	-0.723337
334	336	-0.462144
334	395	-0.322909
335	280	-0.329061
335	284	-0.86171
335	334	-0.723337
335	335	3.59128
335	339	-0.724448
335	395	-0.640589
335	396	-0.312139
336	281	-0.888796
336	282	-0.771569
336	334	-0.462144
336	336	3.63146
336	337	-0.471639
336	395	-0.714738
336	397	-0.322578
337	282	-0.842641
337	333	-0.727907
337	336	-0.471639
337	337	3.60062
337	394	-0.524329
337	397	-0.716573
337	398	-0.317536
338	283	-0.426782
338	284	-0.651263
338	285	-0.313769
338	338	3.63669
338	339	-1.03182
338	340	-0.792236
338	399	-0.420818
339	284	-0.329061
339	335	-0.724448
339	338	-1.03182
339	339	3.67619
339	396	-0.562789
339	399	-0.724808
339	400	-0.303259
340	285	-0.585441
340	338	-0.792236
340	340	3.74882
340	341	-1.05088
340	399	-0.799608
340	401	-0.520659
341	285	-0.551626
341	287	-0.275189
341	340	-1.05088
341	341	3.70491
341	344	-0.0479486
341	346	-0.831945
341	401	-0.45388
341	402	-0.49344
342	286	-0.262464
342	288	-1.23461
342	342	4.09186
342	343	-1.04347
342	345	-1.17507
342	403	-0.376237
343	286	-0.641041
343	290	-0.0302198
343	342	-1.04347
343	343	4.33418
343	347	-1.56772
343	403	-1.05172
344	287	-0.857206
344	289	-0.143457
344	341	-0.0479486
344	344	4.1552
344	345	-1.26998
344	346	-1.39093
344	404	-0.445676
345	288	-0.00853214
345	289	-0.719094
345	342	-1.17507
345	344	-1.26998
345	345	3.98762
345	403	-0.537545
345	404	-0.27739
346	341	-0.831945
346	344	-1.39093
346	346	4.09218
346	402	-1.11404
346	404	-0.490168
346	405	-0.265099
347	290	-0.887151
347	343	-1.56772
347	347	4.22053
347	348	-0.0690264
347	403	-0.0333416
347	406	-1.0349
347	407	-0.628389
348	290	-1.02002
348	291	-0.714988
348	347	-0.0690264
348	348	3.77681
348	349	-0.237479
348	407	-0.858287
348	408	-0.877015
