Matrix Dimension= 2561
List of nonzero entries: I , J , A(I,J)
0	0	1.8495
0	1	-0.0925329
0	3	-0.0883683
0	5	-0.830696
0	6	-0.837899
1	0	-0.0925329
1	1	1.84487
1	2	-0.0956383
1	6	-0.825324
1	7	-0.831376
2	1	-0.0956383
2	2	1.84164
2	7	-0.821717
2	8	-0.0976995
2	9	-0.826589
3	0	-0.0883683
3	3	2.02031
3	4	-0.584897
3	5	-1.01202
3	14	-0.335029
4	3	-0.584897
4	4	2.01861
4	10	-0.999922
4	11	-0.0767665
4	12	-0.35457
4	14	-0.00245366
5	0	-0.830696
5	3	-1.01202
5	5	3.88179
5	6	-0.177244
5	14	-1.0184
5	15	-0.843436
6	0	-0.837899
6	1	-0.825324
6	5	-0.177244
6	6	3.70256
6	7	-0.185573
6	15	-0.841121
6	16	-0.8354
7	1	-0.831376
7	2	-0.821717
7	6	-0.185573
7	7	3.69327
7	9	-0.191783
7	16	-0.833613
7	17	-0.829212
8	2	-0.0976995
8	8	1.83973
8	9	-0.819834
8	18	-0.0987393
8	20	-0.823458
9	2	-0.826589
9	7	-0.191783
9	8	-0.819834
9	9	3.6868
9	17	-0.827907
9	19	-0.824798
9	20	-0.195893
10	4	-0.999922
10	10	3.90382
10	11	-0.868693
10	12	-1.02061
10	21	-0.875554
10	22	-0.139037
11	4	-0.0767665
11	10	-0.868693
11	11	1.87308
11	22	-0.858355
11	23	-0.0692644
12	4	-0.35457
12	10	-1.02061
12	12	4.04296
12	13	-1.03277
12	14	-1.14625
12	21	-0.160024
12	28	-0.328736
13	12	-1.03277
13	13	3.8776
13	21	-0.792323
13	25	-0.180951
13	27	-0.875048
13	28	-0.996505
14	3	-0.335029
14	4	-0.00245366
14	5	-1.0184
14	12	-1.14625
14	14	4.01187
14	15	-0.628652
14	28	-0.0309072
14	29	-0.850176
15	5	-0.843436
15	6	-0.841121
15	14	-0.628652
15	15	3.83731
15	16	-0.618544
15	29	-0.0309067
15	30	-0.87465
16	6	-0.8354
16	7	-0.833613
16	15	-0.618544
16	16	3.82634
16	17	-0.607354
16	30	-0.030907
16	31	-0.900522
17	7	-0.829212
17	9	-0.827907
17	16	-0.607354
17	17	3.8184
17	19	-0.595104
17	31	-0.0309077
17	32	-0.927918
18	8	-0.0987393
18	18	1.8391
18	20	-0.819588
18	33	-0.0987273
18	35	-0.822046
19	9	-0.824798
19	17	-0.595104
19	19	3.81353
19	20	-0.823948
19	32	-0.0309072
19	34	-0.956972
19	36	-0.5818
20	8	-0.823458
20	9	-0.195893
20	18	-0.819588
20	19	-0.823948
20	20	3.68297
20	35	-0.197975
20	36	-0.822107
21	10	-0.875554
21	12	-0.160024
21	13	-0.792323
21	21	3.73103
21	22	-0.879857
21	25	-0.859033
21	37	-0.164236
22	10	-0.139037
22	11	-0.858355
22	21	-0.879857
22	22	3.89528
22	23	-1.00362
22	37	-1.01441
23	11	-0.0692644
23	22	-1.00362
23	23	2.00411
23	24	-0.556714
23	37	-0.374509
24	23	-0.556714
24	24	2.00426
24	26	-0.544868
24	37	-0.00368126
24	38	-0.898998
25	13	-0.180951
25	21	-0.859033
25	25	3.89612
25	27	-0.817601
25	37	-0.975851
25	39	-1.06269
26	24	-0.544868
26	26	1.99985
26	38	-0.00409009
26	41	-0.531796
26	42	-0.919096
27	13	-0.875048
27	25	-0.817601
27	27	3.7774
27	28	-0.53308
27	39	-0.559283
27	54	-0.900189
27	55	-0.0921947
28	12	-0.328736
28	13	-0.996505
28	14	-0.0309072
28	27	-0.53308
28	28	3.91069
28	29	-1.00297
28	55	-0.926325
28	57	-0.0921703
29	14	-0.850176
29	15	-0.0309067
29	28	-1.00297
29	29	3.90459
29	30	-0.974559
29	56	-0.0922185
29	57	-0.953762
30	15	-0.87465
30	16	-0.030907
30	29	-0.974559
30	30	3.82169
30	31	-0.862545
30	56	-0.844602
30	58	-0.23443
31	16	-0.900522
31	17	-0.0309077
31	30	-0.862545
31	31	3.72743
31	32	-0.815416
31	58	-0.597435
31	59	-0.5206
32	17	-0.927918
32	19	-0.0309072
32	31	-0.815416
32	32	3.71241
32	34	-0.782732
32	59	-0.481238
32	60	-0.674196
33	18	-0.0987273
33	33	1.83911
33	35	-0.821642
33	61	-0.82001
33	62	-0.0987272
34	19	-0.956972
34	32	-0.782732
34	34	3.71138
34	36	-0.0309075
34	60	-0.498737
34	63	-0.692259
34	64	-0.749772
35	18	-0.822046
35	20	-0.197975
35	33	-0.821642
35	35	3.682
35	36	-0.821641
35	61	-0.197455
35	65	-0.821246
36	19	-0.5818
36	20	-0.822107
36	34	-0.0309075
36	35	-0.821641
36	36	3.81178
36	64	-0.987844
36	65	-0.567485
37	21	-0.164236
37	22	-1.01441
37	23	-0.374509
37	24	-0.00368126
37	25	-0.975851
37	37	4.02384
37	38	-1.16408
37	39	-0.296168
37	67	-0.0309071
38	24	-0.898998
38	26	-0.00409009
38	37	-1.16408
38	38	4.04873
38	40	-1.04895
38	42	-0.674003
38	67	-0.258609
39	25	-1.06269
39	27	-0.559283
39	37	-0.296168
39	39	3.97382
39	54	-0.0921949
39	66	-0.87538
39	67	-1.0881
40	38	-1.04895
40	40	3.86346
40	42	-0.733317
40	67	-1.01122
40	68	-0.813096
40	69	-0.256879
41	26	-0.531796
41	41	1.99614
41	42	-0.00449942
41	44	-0.517499
41	70	-0.942346
42	26	-0.919096
42	38	-0.674003
42	40	-0.733317
42	41	-0.00449942
42	42	3.80547
42	69	-0.801454
42	70	-0.673101
43	43	1.99259
43	44	-0.501974
43	48	-0.485223
43	49	-1.00008
43	71	-0.0053178
44	41	-0.517499
44	43	-0.501974
44	44	1.99355
44	70	-0.00490796
44	71	-0.969168
45	45	2.02098
45	46	-0.405947
45	50	-0.427607
45	52	-0.0069552
45	72	-1.18047
46	45	-0.405947
46	46	2.04229
46	47	-0.383059
46	72	-0.00736489
46	76	-1.24592
47	46	-0.383059
47	47	2.07321
47	75	-0.358942
47	76	-0.00777379
47	77	-1.32343
48	43	-0.485223
48	48	1.99392
48	49	-0.00572683
48	51	-0.467245
48	80	-1.03573
49	43	-1.00008
49	48	-0.00572683
49	49	3.76824
49	71	-0.667015
49	78	-0.682143
49	79	-0.751425
49	80	-0.661856
50	45	-0.427607
50	50	2.00692
50	51	-0.44804
50	52	-1.12473
50	81	-0.00654596
51	48	-0.467245
51	50	-0.44804
51	51	1.99835
51	80	-0.00613634
51	81	-1.07693
52	45	-0.0069552
52	50	-1.12473
52	52	3.76197
52	72	-0.638049
52	73	-0.707551
52	81	-0.64736
52	82	-0.637328
53	53	1.886
53	74	-0.883797
53	75	-0.0690255
53	85	-0.0592333
53	86	-0.87394
54	27	-0.900189
54	39	-0.0921949
54	54	3.81253
54	55	-0.898154
54	66	-0.924215
54	90	-0.879525
54	92	-0.118256
55	27	-0.0921947
55	28	-0.926325
55	54	-0.898154
55	55	3.8128
55	57	-0.872115
55	91	-0.118232
55	92	-0.905782
56	29	-0.0922185
56	30	-0.844602
56	56	3.98182
56	57	-0.846006
56	58	-1.25098
56	94	-0.948014
57	28	-0.0921703
57	29	-0.953762
57	55	-0.872115
57	56	-0.846006
57	57	3.81586
57	91	-0.933531
57	94	-0.11828
58	30	-0.23443
58	31	-0.597435
58	56	-1.25098
58	58	3.93871
58	59	-1.0311
58	93	-0.809926
58	94	-0.0148467
59	31	-0.5206
59	32	-0.481238
59	58	-1.0311
59	59	3.60558
59	60	-0.600761
59	93	-0.293703
59	95	-0.678184
60	32	-0.674196
60	34	-0.498737
60	59	-0.600761
60	60	3.48444
60	63	-0.566088
60	95	-0.449866
60	96	-0.694791
61	33	-0.82001
61	35	-0.197455
61	61	3.68328
61	62	-0.823488
61	65	-0.822486
61	97	-0.823935
61	98	-0.195905
62	33	-0.0987272
62	61	-0.823488
62	62	1.83974
62	98	-0.819823
62	99	-0.0976997
63	34	-0.692259
63	60	-0.566088
63	63	3.48583
63	64	-0.517352
63	96	-0.466944
63	100	-0.530814
63	101	-0.712376
64	34	-0.749772
64	36	-0.987844
64	63	-0.517352
64	64	3.71386
64	65	-0.030907
64	100	-0.711468
64	102	-0.71652
65	35	-0.821246
65	36	-0.567485
65	61	-0.822486
65	64	-0.030907
65	65	3.81393
65	97	-0.5511
65	102	-1.02071
66	39	-0.87538
66	54	-0.924215
66	66	3.8149
66	67	-0.0921946
66	90	-0.118256
66	103	-0.854581
66	105	-0.950277
67	37	-0.0309071
67	38	-0.258609
67	39	-1.0881
67	40	-1.01122
67	66	-0.0921946
67	67	3.81837
67	68	-0.427373
67	104	-0.24468
67	105	-0.665287
68	40	-0.813096
68	67	-0.427373
68	68	3.64276
68	69	-0.757177
68	104	-0.738778
68	106	-0.722044
68	107	-0.184288
69	40	-0.256879
69	42	-0.801454
69	68	-0.757177
69	69	3.8879
69	70	-0.993462
69	107	-1.07893
70	41	-0.942346
70	42	-0.673101
70	44	-0.00490796
70	69	-0.993462
70	70	4.04609
70	71	-1.17087
70	107	-0.230503
70	108	-0.0309071
71	43	-0.0053178
71	44	-0.969168
71	49	-0.667015
71	70	-1.17087
71	71	4.07639
71	78	-1.06912
71	108	-0.194902
72	45	-1.18047
72	46	-0.00736489
72	52	-0.638049
72	72	3.91756
72	73	-0.952701
72	76	-0.767387
72	109	-0.371584
73	52	-0.707551
73	72	-0.952701
73	73	3.8099
73	82	-0.397529
73	83	-0.659115
73	84	-1.03499
73	109	-0.0580146
74	53	-0.883797
74	74	3.9057
74	75	-0.995267
74	86	-0.130416
74	87	-0.874378
74	110	-1.02185
75	47	-0.358942
75	53	-0.0690255
75	74	-0.995267
75	75	1.87357
75	77	-0.22437
75	110	-0.225966
76	46	-1.24592
76	47	-0.00777379
76	72	-0.767387
76	76	4.07769
76	77	-0.752147
76	109	-1.26588
76	111	-0.0385859
77	47	-1.32343
77	75	-0.22437
77	76	-0.752147
77	77	4.01807
77	110	-0.568437
77	111	-1.14968
78	49	-0.682143
78	71	-1.06912
78	78	3.86983
78	79	-0.328816
78	108	-1.0302
78	115	-0.759545
79	49	-0.751425
79	78	-0.328816
79	79	3.89905
79	80	-1.0148
79	114	-1.09916
79	115	-0.70485
80	48	-1.03573
80	49	-0.661856
80	51	-0.00613634
80	79	-1.0148
80	80	4.08641
80	81	-1.1666
80	114	-0.170392
80	116	-0.030907
81	50	-0.00654596
81	51	-1.07693
81	52	-0.64736
81	80	-1.1666
81	81	4.12635
81	82	-1.09253
81	116	-0.136389
82	52	-0.637328
82	73	-0.397529
82	81	-1.09253
82	82	3.89282
82	83	-0.712788
82	116	-1.05264
83	73	-0.659115
83	82	-0.712788
83	83	3.65637
83	84	-0.506443
83	116	-0.288477
83	117	-1.09618
83	118	-0.393367
84	73	-1.03499
84	83	-0.506443
84	84	3.73179
84	109	-0.309178
84	113	-0.699208
84	118	-0.867139
84	119	-0.314823
85	53	-0.0592333
85	85	2.0118
85	86	-1.02224
85	88	-0.554014
85	123	-0.37631
86	53	-0.87394
86	74	-0.130416
86	85	-1.02224
86	86	3.90075
86	87	-0.88174
86	123	-0.992409
87	74	-0.874378
87	86	-0.88174
87	87	3.77388
87	110	-0.129871
87	112	-0.882707
87	122	-0.875309
87	123	-0.129872
88	85	-0.554014
88	88	1.9984
88	89	-0.546785
88	123	-0.0107534
88	124	-0.886846
89	88	-0.546785
89	89	1.88802
89	121	-0.435531
89	124	-0.240943
89	125	-0.664761
90	54	-0.879525
90	66	-0.118256
90	90	3.89428
90	92	-0.85392
90	103	-0.970647
90	126	-1.05445
90	127	-0.0174822
91	55	-0.118232
91	57	-0.933531
91	91	3.90695
91	92	-0.952231
91	94	-0.854075
91	128	-1.04888
92	54	-0.118256
92	55	-0.905782
92	90	-0.85392
92	91	-0.952231
92	92	3.90188
92	127	-1.06058
92	128	-0.0111115
93	58	-0.809926
93	59	-0.293703
93	93	3.71624
93	94	-0.836032
93	95	-0.748863
93	129	-0.918775
93	130	-0.0219957
93	131	-0.086946
94	56	-0.948014
94	57	-0.11828
94	58	-0.0148467
94	91	-0.854075
94	93	-0.836032
94	94	3.80992
94	128	-0.0891561
94	131	-0.949517
95	59	-0.678184
95	60	-0.449866
95	93	-0.748863
95	95	3.74127
95	96	-0.837879
95	130	-1.01104
95	132	-0.0154369
96	60	-0.694791
96	63	-0.466944
96	95	-0.837879
96	96	3.7493
96	101	-0.744053
96	132	-1.00563
97	61	-0.823935
97	65	-0.5511
97	97	3.82018
97	98	-0.82479
97	102	-0.0309073
97	133	-1.05576
97	134	-0.533682
98	61	-0.195905
98	62	-0.819823
98	97	-0.82479
98	98	3.6868
98	99	-0.826587
98	134	-0.827907
98	135	-0.191784
99	62	-0.0976997
99	98	-0.826587
99	99	1.84164
99	135	-0.82172
99	136	-0.0956381
100	63	-0.530814
100	64	-0.711468
100	100	3.9856
100	101	-0.485103
100	102	-1.04013
100	137	-1.21808
101	63	-0.712376
101	96	-0.744053
101	100	-0.485103
101	101	3.67015
101	132	-0.0805887
101	137	-0.732429
101	138	-0.915603
102	64	-0.71652
102	65	-1.02071
102	97	-0.0309073
102	100	-1.04013
102	102	4.10952
102	133	-1.19517
102	137	-0.000856442
102	139	-0.105225
103	66	-0.854581
103	90	-0.970647
103	103	3.90888
103	105	-0.118256
103	126	-0.00880681
103	141	-1.08702
103	142	-0.869571
104	67	-0.24468
104	68	-0.738778
104	104	4.09875
104	105	-1.37559
104	106	-0.642637
104	143	-1.09706
105	66	-0.950277
105	67	-0.665287
105	103	-0.118256
105	104	-1.37559
105	105	4.03353
105	142	-0.894652
105	143	-0.0294734
106	68	-0.722044
106	104	-0.642637
106	106	3.75828
106	107	-1.08845
106	143	-0.471735
106	144	-0.833411
107	68	-0.184288
107	69	-1.07893
107	70	-0.230503
107	106	-1.08845
107	107	4.10914
107	108	-1.17327
107	144	-0.353698
108	70	-0.0309071
108	71	-0.194902
108	78	-1.0302
108	107	-1.17327
108	108	3.99544
108	115	-0.68655
108	144	-0.0921944
108	145	-0.787419
109	72	-0.371584
109	73	-0.0580146
109	76	-1.26588
109	84	-0.309178
109	109	4.07521
109	111	-0.744553
109	113	-1.30277
109	146	-0.0232301
110	74	-1.02185
110	75	-0.225966
110	77	-0.568437
110	87	-0.129871
110	110	3.79033
110	111	-0.593535
110	112	-1.01582
110	147	-0.234859
111	76	-0.0385859
111	77	-1.14968
111	109	-0.744553
111	110	-0.593535
111	111	3.97655
111	146	-1.25445
111	147	-0.195748
112	87	-0.882707
112	110	-1.01582
112	112	3.90689
112	122	-0.129327
112	147	-1.00322
112	148	-0.875816
113	84	-0.699208
113	109	-1.30277
113	113	3.87276
113	119	-0.874355
113	146	-0.694977
113	149	-0.301451
114	79	-1.09916
114	80	-0.170392
114	114	4.08072
114	115	-0.711372
114	116	-1.25842
114	150	-0.749175
114	151	-0.0921948
115	78	-0.759545
115	79	-0.70485
115	108	-0.68655
115	114	-0.711372
115	115	3.72238
115	145	-0.092195
115	151	-0.767871
116	80	-0.030907
116	81	-0.136389
116	82	-1.05264
116	83	-0.288477
116	114	-1.25842
116	116	4.06232
116	117	-0.944044
116	150	-0.0922078
116	153	-0.259224
117	83	-1.09618
117	116	-0.944044
117	117	4.06264
117	118	-0.0322307
117	153	-1.10876
117	154	-0.881424
118	83	-0.393367
118	84	-0.867139
118	117	-0.0322307
118	118	3.96314
118	119	-0.615082
118	154	-1.48087
118	156	-0.57445
119	84	-0.314823
119	113	-0.874355
119	118	-0.615082
119	119	3.57447
119	149	-0.608742
119	155	-0.374315
119	156	-0.787155
120	120	2.00223
120	121	-0.544255
120	157	-0.521377
120	158	-0.936595
121	89	-0.435531
121	120	-0.544255
121	121	1.89497
121	125	-0.697047
121	158	-0.218133
122	87	-0.875309
122	112	-0.129327
122	122	3.90186
122	123	-1.0011
122	148	-0.880682
122	162	-1.01544
123	85	-0.37631
123	86	-0.992409
123	87	-0.129872
123	88	-0.0107534
123	122	-1.0011
123	123	4.00544
123	124	-1.11375
123	162	-0.379122
123	163	-0.00213382
124	88	-0.886846
124	89	-0.240943
124	123	-1.11375
124	124	3.79437
124	125	-0.429552
124	163	-0.894973
124	164	-0.228309
125	89	-0.664761
125	121	-0.697047
125	124	-0.429552
125	125	3.59319
125	158	-0.415883
125	164	-0.686994
125	166	-0.698952
126	90	-1.05445
126	103	-0.00880681
126	126	4.02578
126	127	-1.1755
126	140	-0.999034
126	141	-0.197942
126	167	-0.590049
127	90	-0.0174822
127	92	-1.06058
127	126	-1.1755
127	127	3.9187
127	128	-0.6192
127	167	-0.203535
127	168	-0.842405
128	91	-1.04888
128	92	-0.0111115
128	94	-0.0891561
128	127	-0.6192
128	128	3.79896
128	131	-0.873021
128	168	-0.209714
128	169	-0.947879
129	93	-0.918775
129	129	4.05549
129	130	-1.2253
129	131	-0.982306
129	170	-0.929114
130	93	-0.0219957
130	95	-1.01104
130	129	-1.2253
130	130	3.92012
130	132	-0.659726
130	170	-0.190261
130	171	-0.811801
131	93	-0.086946
131	94	-0.949517
131	128	-0.873021
131	129	-0.982306
131	131	3.74753
131	169	-0.340759
131	170	-0.143528
131	172	-0.371457
132	95	-0.0154369
132	96	-1.00563
132	101	-0.0805887
132	130	-0.659726
132	132	3.78273
132	138	-0.91156
132	171	-0.196638
132	173	-0.900692
132	174	-0.0124606
133	97	-1.05576
133	102	-1.19517
133	133	4.20465
133	134	-0.0309068
133	139	-0.05388
133	175	-1.21993
133	176	-0.649009
134	97	-0.533682
134	98	-0.827907
134	133	-0.0309068
134	134	3.83016
134	135	-0.829212
134	176	-1.09323
134	177	-0.51522
135	98	-0.191784
135	99	-0.82172
135	134	-0.829212
135	135	3.69327
135	136	-0.831374
135	177	-0.833611
135	178	-0.185573
136	99	-0.0956381
136	135	-0.831374
136	136	1.84487
136	178	-0.825326
136	179	-0.092533
137	100	-1.21808
137	101	-0.732429
137	102	-0.000856442
137	137	4.067
137	138	-0.0785563
137	139	-1.09706
137	180	-0.807498
137	181	-0.132511
138	101	-0.915603
138	132	-0.91156
138	137	-0.0785563
138	138	3.76985
138	174	-0.789675
138	180	-0.86139
138	182	-0.213066
139	102	-0.105225
139	133	-0.05388
139	137	-1.09706
139	139	4.17948
139	175	-0.975831
139	181	-1.30497
139	183	-0.642514
140	126	-0.999034
140	140	3.84633
140	141	-1.1484
140	167	-0.556535
140	184	-0.412261
140	185	-0.730101
141	103	-1.08702
141	126	-0.197942
141	140	-1.1484
141	141	4.09835
141	142	-0.0150728
141	185	-0.51054
141	186	-1.13937
142	103	-0.869571
142	105	-0.894652
142	141	-0.0150728
142	142	3.94918
142	143	-0.0740475
142	186	-1.08095
142	187	-1.01489
143	104	-1.09706
143	105	-0.0294734
143	106	-0.471735
143	142	-0.0740475
143	143	4.05811
143	144	-0.938602
143	187	-1.22935
143	188	-0.217845
144	106	-0.833411
144	107	-0.353698
144	108	-0.0921944
144	143	-0.938602
144	144	3.87223
144	145	-1.02846
144	188	-0.625858
145	108	-0.787419
145	115	-0.092195
145	144	-1.02846
145	145	3.847
145	151	-1.05452
145	188	-0.118256
145	189	-0.76614
146	109	-0.0232301
146	111	-1.25445
146	113	-0.694977
146	146	3.83895
146	147	-0.71386
146	149	-0.858656
146	191	-0.29378
147	110	-0.234859
147	111	-0.195748
147	112	-1.00322
147	146	-0.71386
147	147	3.65842
147	148	-0.382527
147	191	-0.75087
147	192	-0.377336
148	112	-0.875816
148	122	-0.880682
148	147	-0.382527
148	148	3.65803
148	162	-0.412409
148	192	-0.7342
148	193	-0.372398
149	113	-0.301451
149	119	-0.608742
149	146	-0.858656
149	149	3.53941
149	155	-0.586389
149	191	-0.632932
149	194	-0.551235
150	114	-0.749175
150	116	-0.0922078
150	150	3.86482
150	151	-1.08058
150	152	-0.893865
150	153	-0.6597
150	195	-0.271036
150	196	-0.118256
151	114	-0.0921948
151	115	-0.767871
151	145	-1.05452
151	150	-1.08058
151	151	3.85992
151	189	-0.118257
151	196	-0.746488
152	150	-0.893865
152	152	4.09769
152	153	-1.13041
152	195	-1.15497
152	198	-0.918444
153	116	-0.259224
153	117	-1.10876
153	150	-0.6597
153	152	-1.13041
153	153	4.08888
153	154	-0.670525
153	198	-0.26026
154	117	-0.881424
154	118	-1.48087
154	153	-0.670525
154	154	4.09071
154	156	-0.181674
154	197	-0.757974
154	198	-0.118243
155	119	-0.374315
155	149	-0.586389
155	155	3.78891
155	156	-0.898395
155	194	-0.964264
155	200	-0.965547
156	118	-0.57445
156	119	-0.787155
156	154	-0.181674
156	155	-0.898395
156	156	3.85773
156	197	-0.0794683
156	199	-1.17095
156	200	-0.165639
157	120	-0.521377
157	157	1.98508
157	158	-0.015162
157	159	-0.511996
157	201	-0.936547
158	120	-0.936595
158	121	-0.218133
158	125	-0.415883
158	157	-0.015162
158	158	3.80022
158	165	-0.935818
158	166	-0.22601
158	201	-1.04996
158	202	-0.00265356
159	157	-0.511996
159	159	1.98326
159	201	-0.0155506
159	205	-0.501384
159	208	-0.95433
160	160	2.03942
160	161	-0.381058
160	209	-0.364619
160	210	-1.26764
160	211	-0.0260988
161	160	-0.381058
161	161	2.02129
161	211	-1.21827
161	212	-0.396883
161	215	-0.0250746
162	122	-1.01544
162	123	-0.379122
162	148	-0.412409
162	162	3.79266
162	163	-0.905914
162	193	-0.735624
162	224	-0.344147
163	123	-0.00213382
163	124	-0.894973
163	162	-0.905914
163	163	3.78291
163	164	-0.926867
163	224	-0.693426
163	225	-0.359595
164	124	-0.228309
164	125	-0.686994
164	163	-0.926867
164	164	3.7027
164	166	-0.812232
164	225	-0.788809
164	226	-0.259494
165	158	-0.935818
165	165	4.07109
165	166	-0.935565
165	202	-1.18364
165	227	-1.01607
166	125	-0.698952
166	158	-0.22601
166	164	-0.812232
166	165	-0.935565
166	166	3.70245
166	226	-0.77633
166	227	-0.253362
167	126	-0.590049
167	127	-0.203535
167	140	-0.556535
167	167	3.61321
167	168	-0.781005
167	184	-0.795381
167	233	-0.686708
168	127	-0.842405
168	128	-0.209714
168	167	-0.781005
168	168	3.74678
168	169	-0.852484
168	233	-0.114522
168	234	-0.946652
169	128	-0.947879
169	131	-0.340759
169	168	-0.852484
169	169	3.74613
169	172	-0.62296
169	234	-0.112206
169	235	-0.869841
170	129	-0.929114
170	130	-0.190261
170	131	-0.143528
170	170	3.78911
170	171	-0.83153
170	172	-0.842322
170	238	-0.852352
171	130	-0.811801
171	132	-0.196638
171	170	-0.83153
171	171	3.75778
171	173	-0.901145
171	237	-0.911122
171	238	-0.105543
172	131	-0.371457
172	169	-0.62296
172	170	-0.842322
172	172	3.62636
172	235	-0.470475
172	236	-0.760818
172	238	-0.558323
173	132	-0.900692
173	171	-0.901145
173	173	3.96492
173	174	-1.2535
173	237	-0.103423
173	239	-0.806154
174	132	-0.0124606
174	138	-0.789675
174	173	-1.2535
174	174	3.96645
174	182	-1.11751
174	239	-0.196097
174	240	-0.597207
175	133	-1.21993
175	139	-0.975831
175	175	3.97027
175	176	-0.580968
175	183	-0.772295
175	241	-0.421248
176	133	-0.649009
176	134	-1.09323
176	175	-0.580968
176	176	3.74603
176	177	-0.0309075
176	241	-0.777238
176	242	-0.614679
177	134	-0.51522
177	135	-0.833611
177	176	-0.0309075
177	177	3.84422
177	178	-0.8354
177	242	-1.13338
177	243	-0.495698
178	135	-0.185573
178	136	-0.825326
178	177	-0.8354
178	178	3.70256
178	179	-0.837897
178	243	-0.841121
178	244	-0.177244
179	136	-0.092533
179	178	-0.837897
179	179	1.8495
179	244	-0.830698
179	245	-0.0883685
180	137	-0.807498
180	138	-0.86139
180	180	3.70766
180	181	-0.7348
180	182	-0.704784
180	246	-0.599185
181	137	-0.132511
181	139	-1.30497
181	180	-0.7348
181	181	3.99413
181	183	-0.127644
181	246	-1.12785
181	247	-0.566357
182	138	-0.213066
182	174	-1.11751
182	180	-0.704784
182	182	3.62254
182	240	-0.387944
182	246	-0.344092
182	248	-0.605679
182	249	-0.249467
183	139	-0.642514
183	175	-0.772295
183	181	-0.127644
183	183	3.63385
183	241	-0.546997
183	247	-0.843239
183	250	-0.673068
183	251	-0.0280947
184	140	-0.412261
184	167	-0.795381
184	184	3.68052
184	185	-0.836248
184	233	-0.610654
184	255	-0.847401
184	256	-0.178574
185	140	-0.730101
185	141	-0.51054
185	184	-0.836248
185	185	3.6258
185	186	-0.225349
185	256	-0.661309
185	257	-0.662256
186	141	-1.13937
186	142	-1.08095
186	185	-0.225349
186	186	3.94498
186	187	-0.243897
186	190	-0.331831
186	257	-0.923577
187	142	-1.01489
187	143	-1.22935
187	186	-0.243897
187	187	3.98933
187	188	-0.953225
187	190	-0.494364
187	258	-0.0536113
188	143	-0.217845
188	144	-0.625858
188	145	-0.118256
188	187	-0.953225
188	188	3.82755
188	189	-1.00496
188	258	-0.907406
189	145	-0.76614
189	151	-0.118257
189	188	-1.00496
189	189	3.81754
189	196	-1.01149
189	258	-0.118169
189	259	-0.798522
190	186	-0.331831
190	187	-0.494364
190	190	4.00105
190	257	-1.11587
190	258	-0.969151
190	261	-1.08984
191	146	-0.29378
191	147	-0.75087
191	149	-0.632932
191	191	3.55711
191	192	-0.860568
191	194	-0.478292
191	262	-0.540669
192	147	-0.377336
192	148	-0.7342
192	191	-0.860568
192	192	3.60248
192	193	-0.5261
192	262	-0.746494
192	263	-0.357778
193	148	-0.372398
193	162	-0.735624
193	192	-0.5261
193	193	3.63671
193	224	-0.928786
193	263	-0.832851
193	264	-0.240948
194	149	-0.551235
194	155	-0.964264
194	191	-0.478292
194	194	3.74426
194	200	-0.0295193
194	262	-0.697959
194	265	-1.02299
195	150	-0.271036
195	152	-1.15497
195	195	4.06769
195	196	-1.13618
195	198	-0.565305
195	266	-0.940204
196	150	-0.118256
196	151	-0.746488
196	189	-1.01149
196	195	-1.13618
196	196	3.93051
196	259	-0.00991565
196	260	-0.907679
196	266	-0.000497708
197	154	-0.757974
197	156	-0.0794683
197	197	3.88035
197	198	-1.03106
197	199	-1.04988
197	267	-0.843801
197	268	-0.118164
198	152	-0.918444
198	153	-0.26026
198	154	-0.118243
198	195	-0.565305
198	197	-1.03106
198	198	3.84354
198	266	-0.11817
198	268	-0.832058
199	156	-1.17095
199	197	-1.04988
199	199	3.97916
199	200	-0.784346
199	267	-0.118169
199	269	-0.855816
200	155	-0.965547
200	156	-0.165639
200	194	-0.0295193
200	199	-0.784346
200	200	3.75211
200	265	-0.830007
200	269	-0.0027439
200	270	-0.127252
200	271	-0.847055
201	157	-0.936547
201	158	-1.04996
201	159	-0.0155506
201	201	3.98614
201	202	-0.949569
201	208	-1.03102
201	275	-0.00349271
202	158	-0.00265356
202	165	-1.18364
202	201	-0.949569
202	202	3.90147
202	227	-0.0133618
202	229	-0.472382
202	275	-0.935666
202	276	-0.344208
203	203	1.98483
203	204	-0.454042
203	213	-0.440672
203	277	-1.06914
203	278	-0.0209777
204	203	-0.454042
204	204	2.00225
204	206	-0.486735
204	278	-1.06148
205	159	-0.501384
205	205	1.86626
205	207	-0.381122
205	208	-0.266403
205	279	-0.717347
206	204	-0.486735
206	206	1.87649
206	207	-0.367716
206	278	-0.240344
206	280	-0.781693
207	205	-0.381122
207	206	-0.367716
207	207	1.74857
207	279	-0.516298
207	280	-0.483435
208	159	-0.95433
208	201	-1.03102
208	205	-0.266403
208	208	3.81013
208	275	-0.965714
208	279	-0.343634
208	281	-0.249031
209	160	-0.364619
209	209	1.94783
209	210	-0.397597
209	216	-0.717845
209	282	-0.46777
210	160	-1.26764
210	209	-0.397597
210	210	4.10179
210	211	-0.773457
210	282	-0.375888
210	283	-1.28721
211	160	-0.0260988
211	161	-1.21827
211	210	-0.773457
211	211	4.06489
211	215	-0.804735
211	283	-0.00521018
211	284	-1.23712
212	161	-0.396883
212	212	2.00747
212	214	-0.412094
212	215	-1.17444
212	285	-0.02405
213	203	-0.440672
213	213	1.98981
213	214	-0.42669
213	277	-0.0220017
213	286	-1.10044
214	212	-0.412094
214	213	-0.42669
214	214	1.99718
214	285	-1.13537
214	286	-0.0230255
215	161	-0.0250746
215	211	-0.804735
215	212	-1.17444
215	215	4.0366
215	284	-0.005006
215	285	-0.834787
215	287	-1.19256
216	209	-0.717845
216	216	2.10828
216	217	-0.176201
216	220	-1.01425
216	282	-0.0112548
216	288	-0.188732
217	216	-0.176201
217	217	1.77662
217	218	-0.149495
217	220	-0.746603
217	293	-0.704317
218	217	-0.149495
218	218	1.80032
218	219	-0.120778
218	293	-0.785795
218	294	-0.744252
219	218	-0.120778
219	219	1.83204
219	294	-0.830845
219	295	-0.790682
219	296	-0.089731
220	216	-1.01425
220	217	-0.746603
220	220	3.91127
220	288	-1.09041
220	293	-0.300087
220	299	-0.759924
221	221	1.96126
221	222	-0.496727
221	230	-0.391478
221	300	-1.01621
221	301	-0.0568473
222	221	-0.496727
222	222	2.00208
222	223	-0.453017
222	301	-1.05234
223	222	-0.453017
223	223	1.90682
223	289	-0.410897
223	301	-0.0495966
223	302	-0.936472
223	303	-0.0568396
224	162	-0.344147
224	163	-0.693426
224	193	-0.928786
224	224	3.58006
224	225	-0.518222
224	264	-0.663579
224	304	-0.4319
225	163	-0.359595
225	164	-0.788809
225	224	-0.518222
225	225	3.52281
225	226	-0.742418
225	304	-0.532286
225	305	-0.581476
226	164	-0.259494
226	166	-0.77633
226	225	-0.742418
226	226	3.59106
226	227	-0.79248
226	305	-0.61205
226	306	-0.40829
227	165	-1.01607
227	166	-0.253362
227	202	-0.0133618
227	226	-0.79248
227	227	3.83944
227	228	-0.962105
227	229	-0.285831
227	306	-0.516234
228	227	-0.962105
228	228	4.11776
228	229	-1.0632
228	306	-1.08759
228	307	-1.00486
229	202	-0.472382
229	227	-0.285831
229	228	-1.0632
229	229	3.90615
229	276	-1.09956
229	307	-0.217692
229	308	-0.767488
230	221	-0.391478
230	230	1.95018
230	231	-0.484257
230	300	-0.0676032
230	309	-1.00684
231	230	-0.484257
231	231	1.95947
231	232	-0.377027
231	309	-0.0635
231	310	-1.03469
232	231	-0.377027
232	232	1.9478
232	274	-0.470862
232	310	-0.0750899
232	311	-1.02482
233	167	-0.686708
233	168	-0.114522
233	184	-0.610654
233	233	3.64078
233	234	-0.766321
233	255	-0.680911
233	313	-0.781661
234	168	-0.946652
234	169	-0.112206
234	233	-0.766321
234	234	3.73358
234	235	-0.844132
234	313	-0.238873
234	314	-0.825395
235	169	-0.869841
235	172	-0.470475
235	234	-0.844132
235	235	3.707
235	236	-0.825676
235	314	-0.122669
235	315	-0.574209
236	172	-0.760818
236	235	-0.825676
236	236	4.1058
236	238	-0.074492
236	315	-1.152
236	317	-1.29281
237	171	-0.911122
237	173	-0.103423
237	237	3.71036
237	238	-0.817047
237	239	-0.856177
237	316	-0.748785
237	318	-0.273802
238	170	-0.852352
238	171	-0.105543
238	172	-0.558323
238	236	-0.074492
238	237	-0.817047
238	238	3.62239
238	317	-0.505864
238	318	-0.708774
239	173	-0.806154
239	174	-0.196097
239	237	-0.856177
239	239	3.71478
239	240	-0.848992
239	316	-0.167458
239	319	-0.839902
240	174	-0.597207
240	182	-0.387944
240	239	-0.848992
240	240	3.6189
240	248	-0.782946
240	319	-0.209142
240	320	-0.79267
241	175	-0.421248
241	176	-0.777238
241	183	-0.546997
241	241	3.529
241	242	-0.605228
241	250	-0.79505
241	321	-0.383238
242	176	-0.614679
242	177	-1.13338
242	241	-0.605228
242	242	3.76649
242	243	-0.0309075
242	321	-0.802384
242	322	-0.579908
243	177	-0.495698
243	178	-0.841121
243	242	-0.0309075
243	243	3.86276
243	244	-0.843438
243	322	-1.1765
243	323	-0.475094
244	178	-0.177244
244	179	-0.830698
244	243	-0.843438
244	244	3.71488
244	245	-0.846224
244	323	-0.850528
244	324	-0.166752
245	179	-0.0883685
245	244	-0.846224
245	245	1.85563
245	324	-0.837917
245	325	-0.0831229
246	180	-0.599185
246	181	-1.12785
246	182	-0.344092
246	246	3.90186
246	247	-0.213723
246	249	-1.10191
246	326	-0.515097
247	181	-0.566357
247	183	-0.843239
247	246	-0.213723
247	247	3.80404
247	251	-1.27926
247	326	-0.689521
247	327	-0.211939
248	182	-0.605679
248	240	-0.782946
248	248	3.62159
248	249	-0.494074
248	320	-0.215688
248	329	-0.772492
248	330	-0.750715
249	182	-0.249467
249	246	-1.10191
249	248	-0.494074
249	249	4.02401
249	326	-1.09543
249	330	-1.08314
250	183	-0.673068
250	241	-0.79505
250	250	3.7572
250	251	-0.944085
250	321	-0.570547
250	331	-0.753151
250	332	-0.0212955
251	183	-0.0280947
251	247	-1.27926
251	250	-0.944085
251	251	3.99553
251	327	-0.472074
251	328	-0.949842
251	332	-0.322176
252	252	1.80376
252	253	-0.130788
252	254	-0.130788
252	333	-0.770272
252	337	-0.771908
253	252	-0.130788
253	253	1.80375
253	337	-0.772309
253	338	-0.769856
253	339	-0.130799
254	252	-0.130788
254	254	1.80424
254	333	-0.773706
254	343	-0.12981
254	344	-0.769939
255	184	-0.847401
255	233	-0.680911
255	255	3.71655
255	256	-0.322351
255	313	-0.46615
255	345	-0.997295
255	346	-0.402443
256	184	-0.178574
256	185	-0.661309
256	255	-0.322351
256	256	3.9354
256	257	-1.06794
256	345	-0.798269
256	347	-0.906957
257	185	-0.662256
257	186	-0.923577
257	190	-1.11587
257	256	-1.06794
257	257	4.07309
257	261	-0.247908
257	347	-0.0555378
258	187	-0.0536113
258	188	-0.907406
258	189	-0.118169
258	190	-0.969151
258	258	3.76745
258	259	-0.947659
258	261	-0.428794
258	348	-0.342663
259	189	-0.798522
259	196	-0.00991565
259	258	-0.947659
259	259	4.00858
259	260	-1.46827
259	348	-0.555565
259	349	-0.228652
260	196	-0.907679
260	259	-1.46827
260	260	3.99565
260	266	-0.690043
260	349	-0.685519
260	350	-0.244143
261	190	-1.08984
261	257	-0.247908
261	258	-0.428794
261	261	4.02041
261	347	-0.0446324
261	348	-0.95053
261	351	-1.12523
261	352	-0.133477
262	191	-0.540669
262	192	-0.746494
262	194	-0.697959
262	262	3.72005
262	263	-0.423381
262	265	-0.1226
262	353	-1.12591
262	354	-0.0630301
263	192	-0.357778
263	193	-0.832851
263	262	-0.423381
263	263	3.7778
263	264	-0.996192
263	354	-1.02352
263	355	-0.144083
264	193	-0.240948
264	224	-0.663579
264	263	-0.996192
264	264	3.84951
264	304	-1.05424
264	355	-0.894551
265	194	-1.02299
265	200	-0.830007
265	262	-0.1226
265	265	3.9131
265	270	-0.978786
265	353	-0.949457
265	356	-0.00925831
266	195	-0.940204
266	196	-0.000497708
266	198	-0.11817
266	260	-0.690043
266	266	3.69029
266	268	-0.904578
266	350	-0.678097
266	358	-0.358704
267	197	-0.843801
267	199	-0.118169
267	267	3.68802
267	268	-0.88336
267	269	-0.889062
267	359	-0.614217
267	360	-0.339412
268	197	-0.118164
268	198	-0.832058
268	266	-0.904578
268	267	-0.88336
268	268	3.67614
268	358	-0.491522
268	360	-0.446457
269	199	-0.855816
269	200	-0.0027439
269	267	-0.889062
269	269	3.97497
269	271	-1.38446
269	359	-0.182434
269	361	-0.660453
270	200	-0.127252
270	265	-0.978786
270	270	3.93941
270	271	-0.843408
270	356	-0.226672
270	357	-1.26057
270	362	-0.502727
271	200	-0.847055
271	269	-1.38446
271	270	-0.843408
271	271	3.94849
271	361	-0.235215
271	362	-0.638346
272	272	1.99561
272	273	-0.44768
272	312	-0.437581
272	363	-0.0134183
272	364	-1.09693
273	272	-0.44768
273	273	1.98922
273	364	-0.0153672
273	365	-1.06871
273	366	-0.457471
274	232	-0.470862
274	274	1.95185
274	311	-0.0738277
274	368	-1.03715
274	369	-0.312577
274	370	-0.0574262
275	201	-0.00349271
275	202	-0.935666
275	208	-0.965714
275	275	3.79697
275	276	-0.671354
275	281	-0.920637
275	379	-0.300103
276	202	-0.344208
276	229	-1.09956
276	275	-0.671354
276	276	3.80883
276	308	-0.413399
276	379	-1.07566
276	380	-0.204646
277	203	-1.06914
277	213	-0.0220017
277	277	3.98932
277	278	-0.917571
277	286	-0.891206
277	381	-0.00439227
277	382	-1.08501
278	203	-0.0209777
278	204	-1.06148
278	206	-0.240344
278	277	-0.917571
278	278	3.8573
278	280	-0.299931
278	382	-0.00418795
278	383	-1.06021
278	384	-0.2526
279	205	-0.717347
279	207	-0.516298
279	208	-0.343634
279	279	3.57629
279	280	-0.736602
279	281	-0.750645
279	385	-0.511762
280	206	-0.781693
280	207	-0.483435
280	278	-0.299931
280	279	-0.736602
280	280	3.59941
280	384	-0.787601
280	385	-0.510147
281	208	-0.249031
281	275	-0.920637
281	279	-0.750645
281	281	3.67617
281	379	-0.633007
281	385	-0.806414
281	386	-0.316438
282	209	-0.46777
282	210	-0.375888
282	216	-0.0112548
282	282	3.82052
282	283	-0.694548
282	288	-0.826106
282	387	-1.02544
282	388	-0.419517
283	210	-1.28721
283	211	-0.00521018
283	282	-0.694548
283	283	3.85821
283	284	-0.75685
283	388	-0.327569
283	389	-0.786818
284	211	-1.23712
284	215	-0.005006
284	283	-0.75685
284	284	3.89595
284	287	-0.764245
284	389	-0.195956
284	390	-0.936772
285	212	-0.02405
285	214	-1.13537
285	215	-0.834787
285	285	4.01537
285	286	-0.86361
285	287	-0.004801
285	391	-1.15275
286	213	-1.10044
286	214	-0.0230255
286	277	-0.891206
286	285	-0.86361
286	286	3.99996
286	381	-1.11707
286	391	-0.00459662
287	215	-1.19256
287	284	-0.764245
287	285	-0.004801
287	287	3.88216
287	390	-0.200124
287	391	-0.77098
287	392	-0.94945
288	216	-0.188732
288	220	-1.09041
288	282	-0.826106
288	288	4.02038
288	299	-0.665584
288	387	-0.83056
288	394	-0.352639
288	395	-0.0663481
289	223	-0.410897
289	289	1.85347
289	290	-0.384078
289	303	-0.878706
289	396	-0.179791
290	289	-0.384078
290	290	1.90567
290	291	-0.362846
290	396	-1.02885
290	397	-0.129896
291	290	-0.362846
291	291	2.04419
291	292	-0.407222
291	397	-1.25958
291	398	-0.0145407
292	291	-0.407222
292	292	2.00431
292	297	-0.450363
292	398	-1.1326
292	399	-0.0141294
293	217	-0.704317
293	218	-0.785795
293	220	-0.300087
293	293	3.60603
293	294	-0.242648
293	299	-0.769071
293	401	-0.804114
294	218	-0.744252
294	219	-0.830845
294	293	-0.242648
294	294	3.67008
294	295	-0.180545
294	401	-0.816268
294	402	-0.855525
295	219	-0.790682
295	294	-0.180545
295	295	3.8678
295	296	-0.992057
295	402	-0.871532
295	403	-1.03298
296	219	-0.089731
296	295	-0.992057
296	296	1.97898
296	298	-0.532946
296	403	-0.364243
297	292	-0.450363
297	297	1.98777
297	298	-0.492271
297	399	-1.03142
297	404	-0.0137187
298	296	-0.532946
298	297	-0.492271
298	298	1.98755
298	403	-0.0133076
298	404	-0.949027
299	220	-0.759924
299	288	-0.665584
299	293	-0.769071
299	299	3.77032
299	395	-1.00476
299	401	-0.517908
299	405	-0.0530652
300	221	-1.01621
300	230	-0.0676032
300	300	3.96224
300	301	-0.201025
300	309	-1.11316
300	406	-1.01617
300	407	-0.548064
301	221	-0.0568473
301	222	-1.05234
301	223	-0.0495966
301	300	-0.201025
301	301	3.96787
301	302	-0.901356
301	406	-1.08793
301	408	-0.618778
302	223	-0.936472
302	301	-0.901356
302	302	3.98187
302	303	-1.20034
302	408	-0.0587253
302	409	-0.884974
303	223	-0.0568396
303	289	-0.878706
303	302	-1.20034
303	303	3.87243
303	396	-0.750138
303	409	-0.159363
303	410	-0.827042
304	224	-0.4319
304	225	-0.532286
304	264	-1.05424
304	304	3.77096
304	305	-0.776244
304	355	-0.0366192
304	411	-0.939673
305	225	-0.581476
305	226	-0.61205
305	304	-0.776244
305	305	3.66395
305	306	-0.475671
305	411	-0.122599
305	412	-1.04549
305	413	-0.050414
306	226	-0.40829
306	227	-0.516234
306	228	-1.08759
306	305	-0.475671
306	306	3.75203
306	307	-0.0114469
306	413	-0.960776
306	414	-0.29202
307	228	-1.00486
307	229	-0.217692
307	306	-0.0114469
307	307	3.89434
307	308	-0.8455
307	414	-1.07613
307	415	-0.738708
308	229	-0.767488
308	276	-0.413399
308	307	-0.8455
308	308	3.78254
308	380	-1.13929
308	415	-0.499735
308	416	-0.117126
309	230	-1.00684
309	231	-0.0635
309	300	-1.11316
309	309	3.83512
309	310	-0.552736
309	407	-0.275963
309	419	-0.822917
310	231	-1.03469
310	232	-0.0750899
310	309	-0.552736
310	310	3.83076
310	311	-1.08022
310	419	-0.271678
310	420	-0.816351
311	232	-1.02482
311	274	-0.0738277
311	310	-1.08022
311	311	3.82662
311	369	-0.698589
311	418	-0.661202
311	420	-0.287967
312	272	-0.437581
312	312	2.01466
312	363	-1.13843
312	421	-0.438654
313	233	-0.781661
313	234	-0.238873
313	255	-0.46615
313	313	3.87198
313	314	-1.15912
313	346	-0.198571
313	428	-1.02761
314	234	-0.825395
314	235	-0.122669
314	313	-1.15912
314	314	3.90287
314	315	-0.835742
314	428	-0.0334893
314	430	-0.926454
315	235	-0.574209
315	236	-1.152
315	314	-0.835742
315	315	3.95063
315	317	-0.230028
315	430	-0.133178
315	431	-1.02548
316	237	-0.748785
316	239	-0.167458
316	316	3.88363
316	318	-1.01946
316	319	-1.03768
316	433	-0.910245
317	236	-1.29281
317	238	-0.505864
317	315	-0.230028
317	317	3.98057
317	318	-0.823235
317	431	-0.0235744
317	434	-1.02723
317	435	-0.0778263
318	237	-0.273802
318	238	-0.708774
318	316	-1.01946
318	317	-0.823235
318	318	3.78963
318	433	-0.024945
318	435	-0.939411
319	239	-0.839902
319	240	-0.209142
319	316	-1.03768
319	319	3.81345
319	320	-0.664874
319	433	-0.0756397
319	437	-0.98621
320	240	-0.79267
320	248	-0.215688
320	319	-0.664874
320	320	3.90775
320	329	-1.2559
320	436	-0.959394
320	437	-0.0192202
321	241	-0.383238
321	242	-0.802384
321	250	-0.570547
321	321	3.55124
321	322	-0.631305
321	331	-0.819437
321	438	-0.34433
322	242	-0.579908
322	243	-1.1765
322	321	-0.631305
322	322	3.79271
322	323	-0.0309073
322	438	-0.829444
322	439	-0.544647
323	243	-0.475094
323	244	-0.850528
323	322	-0.0309073
323	323	3.88628
323	324	-0.853429
323	439	-1.22294
323	440	-0.453382
324	244	-0.166752
324	245	-0.837917
324	323	-0.853429
324	324	3.73054
324	325	-0.856447
324	440	-0.861955
324	441	-0.154041
325	245	-0.0831229
325	324	-0.856447
325	325	1.86343
325	441	-0.847092
325	443	-0.0767663
326	246	-0.515097
326	247	-0.689521
326	249	-1.09543
326	326	3.75419
326	327	-0.813208
326	330	-0.160061
326	445	-0.480878
327	247	-0.211939
327	251	-0.472074
327	326	-0.813208
327	327	3.63113
327	328	-0.680698
327	445	-0.546916
327	446	-0.906297
328	251	-0.949842
328	327	-0.680698
328	328	3.8222
328	332	-1.093
328	444	-0.808351
328	446	-0.290307
329	248	-0.772492
329	320	-1.2559
329	329	3.91176
329	330	-0.203039
329	436	-0.0259098
329	442	-0.967778
329	447	-0.686635
330	248	-0.750715
330	249	-1.08314
330	326	-0.160061
330	329	-0.203039
330	330	3.78394
330	445	-0.808516
330	447	-0.778471
331	250	-0.753151
331	321	-0.819437
331	331	3.7844
331	332	-0.94705
331	438	-0.595833
331	448	-0.668932
332	250	-0.0212955
332	251	-0.322176
332	328	-1.093
332	331	-0.94705
332	332	3.92916
332	444	-0.479709
332	448	-0.0689798
332	449	-0.97865
332	450	-0.0183018
333	252	-0.770272
333	254	-0.773706
333	333	3.61213
333	337	-0.261576
333	344	-0.260166
333	451	-0.772554
333	452	-0.773857
334	334	1.80819
334	335	-0.124892
334	454	-0.127846
334	455	-0.780902
334	456	-0.774553
335	334	-0.124892
335	335	1.81176
335	336	-0.120932
335	456	-0.786773
335	457	-0.779163
336	335	-0.120932
336	336	1.8165
336	340	-0.115949
336	453	-0.785394
336	457	-0.794227
337	252	-0.771908
337	253	-0.772309
337	333	-0.261576
337	337	3.61115
337	338	-0.262137
337	451	-0.771414
337	458	-0.771808
338	253	-0.769856
338	337	-0.262137
338	338	3.87228
338	339	-1.03346
338	458	-0.772173
338	459	-1.03465
339	253	-0.130799
339	338	-1.03346
339	339	2.0634
339	454	-0.644547
339	459	-0.254587
340	336	-0.115949
340	340	1.82252
340	341	-0.10995
340	453	-0.803325
340	462	-0.793301
341	340	-0.10995
341	341	1.83
341	342	-0.102842
341	462	-0.814118
341	463	-0.803094
342	341	-0.102842
342	342	1.83918
342	460	-0.0945917
342	463	-0.826901
342	464	-0.814843
343	254	-0.12981
343	343	1.80571
343	344	-0.77656
343	465	-0.127847
343	466	-0.771492
344	254	-0.769939
344	333	-0.260166
344	343	-0.77656
344	344	3.6148
344	452	-0.774514
344	466	-0.25624
344	467	-0.777385
345	255	-0.997295
345	256	-0.798269
345	345	3.82952
345	346	-0.273727
345	347	-0.75224
345	468	-1.00799
346	255	-0.402443
346	313	-0.198571
346	345	-0.273727
346	346	3.88017
346	428	-0.881391
346	429	-1.29644
346	468	-0.82759
347	256	-0.906957
347	257	-0.0555378
347	261	-0.0446324
347	345	-0.75224
347	347	4.00538
347	351	-0.945502
347	468	-0.0778257
347	469	-1.09727
347	470	-0.125413
348	258	-0.342663
348	259	-0.555565
348	261	-0.95053
348	348	3.69305
348	349	-0.935214
348	352	-0.772945
348	471	-0.136136
349	259	-0.228652
349	260	-0.685519
349	348	-0.935214
349	349	3.70378
349	350	-0.933206
349	471	-0.720904
349	473	-0.200287
350	260	-0.244143
350	266	-0.678097
350	349	-0.933206
350	350	3.6387
350	358	-0.846393
350	472	-0.322509
350	473	-0.614349
351	261	-1.12523
351	347	-0.945502
351	351	4.00243
351	352	-0.989475
351	470	-0.795566
351	474	-0.14665
352	261	-0.133477
352	348	-0.772945
352	351	-0.989475
352	352	3.7801
352	471	-0.974464
352	474	-0.760423
352	475	-0.149318
353	262	-1.12591
353	265	-0.949457
353	353	4.0434
353	354	-0.954562
353	356	-1.01146
353	477	-0.00200823
354	262	-0.0630301
354	263	-1.02352
354	353	-0.954562
354	354	3.85631
354	355	-0.79995
354	477	-0.878355
354	478	-0.136891
355	263	-0.144083
355	264	-0.894551
355	304	-0.0366192
355	354	-0.79995
355	355	3.73764
355	411	-0.83379
355	476	-0.140276
355	478	-0.888372
356	265	-0.00925831
356	270	-0.226672
356	353	-1.01146
356	356	4.1511
356	357	-1.13512
356	477	-1.33606
356	480	-0.432527
357	270	-1.26057
357	356	-1.13512
357	357	4.19633
357	362	-0.057972
357	480	-0.596766
357	481	-1.14589
358	266	-0.358704
358	268	-0.491522
358	350	-0.846393
358	358	3.66121
358	360	-1.09145
358	472	-0.566141
